   0.99940  0.49744
   0.99562  0.21770
   0.98897  0.15823
   0.98121  0.11158
   0.97261  0.07726
   0.96346  0.04672
   0.95402  0.02166
   0.94442 -0.00154
   0.93475 -0.02234
   0.92504 -0.03993
   0.91531 -0.05767
   0.90556 -0.07372
   0.89580 -0.08911
   0.88603 -0.10274
   0.87625 -0.11702
   0.86647 -0.13071
   0.85668 -0.14278
   0.84689 -0.15575
   0.83709 -0.16814
   0.82730 -0.17993
   0.81750 -0.19229
   0.80770 -0.20306
   0.79791 -0.21519
   0.78811 -0.22633
   0.77832 -0.23687
   0.76852 -0.24772
   0.75872 -0.25771
   0.74892 -0.26844
   0.73912 -0.27784
   0.72933 -0.28833
   0.71953 -0.29746
   0.70973 -0.30645
   0.69993 -0.31622
   0.69012 -0.32534
   0.68032 -0.33419
   0.67052 -0.34287
   0.66072 -0.35212
   0.65093 -0.36041
   0.64113 -0.36908
   0.63134 -0.37763
   0.62156 -0.38567
   0.61178 -0.39427
   0.60201 -0.40204
   0.59224 -0.40900
   0.58249 -0.41642
   0.57274 -0.42256
   0.56299 -0.42787
   0.55324 -0.43251
   0.54348 -0.43616
   0.53373 -0.43943
   0.52396 -0.44160
   0.51419 -0.44406
   0.50441 -0.44515
   0.49463 -0.44710
   0.48483 -0.44658
   0.47503 -0.44788
   0.46522 -0.44742
   0.45541 -0.44787
   0.44558 -0.44716
   0.43575 -0.44731
   0.42592 -0.44700
   0.41608 -0.44657
   0.40624 -0.44663
   0.39640 -0.44676
   0.38656 -0.44697
   0.37672 -0.44646
   0.36689 -0.44724
   0.35706 -0.44664
   0.34723 -0.44629
   0.33741 -0.44686
   0.32759 -0.44600
   0.31777 -0.44688
   0.30796 -0.44505
   0.29815 -0.44565
   0.28835 -0.44492
   0.27856 -0.44464
   0.26877 -0.44469
   0.25899 -0.44472
   0.24923 -0.44468
   0.23948 -0.44398
   0.22974 -0.44374
   0.22002 -0.44322
   0.21031 -0.44353
   0.20062 -0.44257
   0.19095 -0.44300
   0.18130 -0.44187
   0.17168 -0.44242
   0.16209 -0.44124
   0.15253 -0.44140
   0.14301 -0.43935
   0.13352 -0.43947
   0.12409 -0.43820
   0.11470 -0.43716
   0.10539 -0.43715
   0.09617 -0.43581
   0.08706 -0.43597
   0.07809 -0.43428
   0.06932 -0.43508
   0.06082 -0.43491
   0.05271 -0.43432
   0.04512 -0.43513
   0.03821 -0.43698
   0.03210 -0.43892
   0.02683 -0.44078
   0.02235 -0.43808
   0.01857 -0.43546
   0.01537 -0.42124
   0.01266 -0.40653
   0.01035 -0.37543
   0.00837 -0.34239
   0.00666 -0.28741
   0.00519 -0.22190
   0.00393 -0.13885
   0.00286 -0.03015
   0.00197  0.09772
   0.00124  0.25017
   0.00069  0.42066
   0.00030  0.59993
   0.00008  0.75883
   0.00000  0.88546
   0.00006  0.97503
   0.00027  1.01910
   0.00063  1.01714
   0.00117  0.97524
   0.00188  0.90803
   0.00275  0.82633
   0.00380  0.74097
   0.00503  0.65599
   0.00647  0.57402
   0.00815  0.49502
   0.01011  0.42776
   0.01238  0.35766
   0.01505  0.29921
   0.01818  0.24022
   0.02189  0.18790
   0.02627  0.13926
   0.03140  0.09479
   0.03734  0.05512
   0.04405  0.01921
   0.05144 -0.01010
   0.05938 -0.03607
   0.06773 -0.05793
   0.07638 -0.07771
   0.08526 -0.09294
   0.09431 -0.10812
   0.10349 -0.12198
   0.11277 -0.13345
   0.12212 -0.14545
   0.13154 -0.15522
   0.14101 -0.16478
   0.15052 -0.17326
   0.16008 -0.18219
   0.16967 -0.18967
   0.17929 -0.19743
   0.18892 -0.20488
   0.19858 -0.21174
   0.20826 -0.21874
   0.21796 -0.22577
   0.22767 -0.23169
   0.23739 -0.23937
   0.24711 -0.24612
   0.25684 -0.25339
   0.26657 -0.26064
   0.27629 -0.26870
   0.28600 -0.27612
   0.29569 -0.28505
   0.30536 -0.29253
   0.31501 -0.30027
   0.32464 -0.30668
   0.33424 -0.31316
   0.34383 -0.31784
   0.35340 -0.32095
   0.36296 -0.32275
   0.37251 -0.32381
   0.38205 -0.32235
   0.39159 -0.31961
   0.40113 -0.31619
   0.41067 -0.30972
   0.42023 -0.30305
   0.42979 -0.29490
   0.43936 -0.28478
   0.44895 -0.27432
   0.45855 -0.26235
   0.46817 -0.25002
   0.47782 -0.23667
   0.48748 -0.22246
   0.49716 -0.20799
   0.50686 -0.19284
   0.51659 -0.17813
   0.52634 -0.16289
   0.53611 -0.14763
   0.54590 -0.13219
   0.55571 -0.11786
   0.56553 -0.10288
   0.57538 -0.08804
   0.58524 -0.07363
   0.59511 -0.05966
   0.60501 -0.04531
   0.61491 -0.03176
   0.62483 -0.01746
   0.63476 -0.00435
   0.64471  0.00951
   0.65466  0.02241
   0.66462  0.03606
   0.67457  0.04863
   0.68451  0.06157
   0.69444  0.07406
   0.70435  0.08671
   0.71425  0.09809
   0.72413  0.11042
   0.73399  0.12208
   0.74383  0.13309
   0.75366  0.14431
   0.76348  0.15490
   0.77328  0.16450
   0.78308  0.17477
   0.79286  0.18391
   0.80264  0.19343
   0.81241  0.20284
   0.82215  0.21211
   0.83189  0.22095
   0.84160  0.22956
   0.85129  0.23831
   0.86097  0.24645
   0.87062  0.25432
   0.88024  0.26259
   0.88983  0.26947
   0.89939  0.27686
   0.90891  0.28251
   0.91839  0.28848
   0.92783  0.29374
   0.93722  0.29715
   0.94653  0.30147
   0.95573  0.30332
   0.96477  0.30274
   0.97355  0.30201
   0.98189  0.29713
   0.98950  0.29261
   0.99616  0.31005
   1.00000  0.49744
