   0.99940  0.48012
   0.99562  0.20875
   0.98897  0.15126
   0.98121  0.10637
   0.97261  0.07337
   0.96346  0.04402
   0.95402  0.01995
   0.94442 -0.00231
   0.93475 -0.02224
   0.92504 -0.03913
   0.91531 -0.05609
   0.90556 -0.07149
   0.89580 -0.08621
   0.88603 -0.09925
   0.87625 -0.11292
   0.86647 -0.12600
   0.85668 -0.13755
   0.84689 -0.14993
   0.83709 -0.16177
   0.82730 -0.17304
   0.81750 -0.18481
   0.80770 -0.19510
   0.79791 -0.20666
   0.78811 -0.21730
   0.77832 -0.22734
   0.76852 -0.23769
   0.75872 -0.24719
   0.74892 -0.25743
   0.73912 -0.26638
   0.72933 -0.27638
   0.71953 -0.28508
   0.70973 -0.29363
   0.69993 -0.30294
   0.69012 -0.31163
   0.68032 -0.32005
   0.67052 -0.32832
   0.66072 -0.33713
   0.65093 -0.34502
   0.64113 -0.35328
   0.63134 -0.36142
   0.62156 -0.36907
   0.61178 -0.37725
   0.60201 -0.38467
   0.59224 -0.39131
   0.58249 -0.39838
   0.57274 -0.40426
   0.56299 -0.40934
   0.55324 -0.41383
   0.54348 -0.41736
   0.53373 -0.42054
   0.52396 -0.42270
   0.51419 -0.42513
   0.50441 -0.42627
   0.49463 -0.42822
   0.48483 -0.42786
   0.47503 -0.42921
   0.46522 -0.42890
   0.45541 -0.42947
   0.44558 -0.42894
   0.43575 -0.42921
   0.42592 -0.42908
   0.41608 -0.42881
   0.40624 -0.42902
   0.39640 -0.42930
   0.38656 -0.42966
   0.37672 -0.42935
   0.36689 -0.43025
   0.35706 -0.42987
   0.34723 -0.42972
   0.33741 -0.43044
   0.32759 -0.42982
   0.31777 -0.43085
   0.30796 -0.42933
   0.29815 -0.43011
   0.28835 -0.42965
   0.27856 -0.42963
   0.26877 -0.42992
   0.25899 -0.43020
   0.24923 -0.43044
   0.23948 -0.43006
   0.22974 -0.43013
   0.22002 -0.42995
   0.21031 -0.43057
   0.20062 -0.43002
   0.19095 -0.43080
   0.18130 -0.43013
   0.17168 -0.43107
   0.16209 -0.43042
   0.15253 -0.43106
   0.14301 -0.42967
   0.13352 -0.43036
   0.12409 -0.42979
   0.11470 -0.42951
   0.10539 -0.43028
   0.09617 -0.42988
   0.08706 -0.43101
   0.07809 -0.43052
   0.06932 -0.43254
   0.06082 -0.43385
   0.05271 -0.43497
   0.04512 -0.43768
   0.03821 -0.44165
   0.03210 -0.44597
   0.02683 -0.45047
   0.02235 -0.45086
   0.01857 -0.45154
   0.01537 -0.44136
   0.01266 -0.43093
   0.01035 -0.40496
   0.00837 -0.37732
   0.00666 -0.32867
   0.00519 -0.26978
   0.00393 -0.19370
   0.00286 -0.09189
   0.00197  0.02979
   0.00124  0.17777
   0.00069  0.34674
   0.00030  0.52909
   0.00008  0.69480
   0.00000  0.83101
   0.00006  0.93255
   0.00027  0.98889
   0.00063  0.99814
   0.00117  0.96593
   0.00188  0.90601
   0.00275  0.82994
   0.00380  0.74872
   0.00503  0.66688
   0.00647  0.58739
   0.00815  0.51045
   0.01011  0.44441
   0.01238  0.37578
   0.01505  0.31811
   0.01818  0.26001
   0.02189  0.20830
   0.02627  0.16014
   0.03140  0.11604
   0.03734  0.07661
   0.04405  0.04092
   0.05144  0.01163
   0.05938 -0.01432
   0.06773 -0.03621
   0.07638 -0.05598
   0.08526 -0.07133
   0.09431 -0.08652
   0.10349 -0.10036
   0.11277 -0.11187
   0.12212 -0.12380
   0.13154 -0.13358
   0.14101 -0.14310
   0.15052 -0.15157
   0.16008 -0.16043
   0.16967 -0.16788
   0.17929 -0.17557
   0.18892 -0.18294
   0.19858 -0.18973
   0.20826 -0.19663
   0.21796 -0.20354
   0.22767 -0.20939
   0.23739 -0.21688
   0.24711 -0.22347
   0.25684 -0.23055
   0.26657 -0.23758
   0.27629 -0.24537
   0.28600 -0.25254
   0.29569 -0.26113
   0.30536 -0.26833
   0.31501 -0.27578
   0.32464 -0.28197
   0.33424 -0.28822
   0.34383 -0.29280
   0.35340 -0.29587
   0.36296 -0.29773
   0.37251 -0.29890
   0.38205 -0.29770
   0.39159 -0.29529
   0.40113 -0.29227
   0.41067 -0.28635
   0.42023 -0.28027
   0.42979 -0.27277
   0.43936 -0.26344
   0.44895 -0.25378
   0.45855 -0.24267
   0.46817 -0.23123
   0.47782 -0.21881
   0.48748 -0.20557
   0.49716 -0.19208
   0.50686 -0.17793
   0.51659 -0.16419
   0.52634 -0.14992
   0.53611 -0.13564
   0.54590 -0.12115
   0.55571 -0.10770
   0.56553 -0.09364
   0.57538 -0.07968
   0.58524 -0.06613
   0.59511 -0.05296
   0.60501 -0.03945
   0.61491 -0.02666
   0.62483 -0.01316
   0.63476 -0.00077
   0.64471  0.01233
   0.65466  0.02454
   0.66462  0.03747
   0.67457  0.04938
   0.68451  0.06165
   0.69444  0.07351
   0.70435  0.08552
   0.71425  0.09632
   0.72413  0.10806
   0.73399  0.11916
   0.74383  0.12963
   0.75366  0.14032
   0.76348  0.15041
   0.77328  0.15956
   0.78308  0.16935
   0.79286  0.17808
   0.80264  0.18716
   0.81241  0.19614
   0.82215  0.20501
   0.83189  0.21345
   0.84160  0.22168
   0.85129  0.23005
   0.86097  0.23783
   0.87062  0.24539
   0.88024  0.25328
   0.88983  0.25987
   0.89939  0.26695
   0.90891  0.27233
   0.91839  0.27806
   0.92783  0.28307
   0.93722  0.28631
   0.94653  0.29042
   0.95573  0.29215
   0.96477  0.29151
   0.97355  0.29075
   0.98189  0.28592
   0.98950  0.28143
   0.99616  0.29830
   1.00000  0.48012
