   0.99940  0.61281
   0.99562  0.28054
   0.98897  0.20764
   0.98121  0.14882
   0.97261  0.10527
   0.96346  0.06627
   0.95402  0.03412
   0.94442  0.00409
   0.93475 -0.02301
   0.92504 -0.04576
   0.91531 -0.06919
   0.90556 -0.09010
   0.89580 -0.11052
   0.88603 -0.12857
   0.87625 -0.14744
   0.86647 -0.16575
   0.85668 -0.18180
   0.84689 -0.19922
   0.83709 -0.21590
   0.82730 -0.23169
   0.81750 -0.24856
   0.80770 -0.26306
   0.79791 -0.27958
   0.78811 -0.29468
   0.77832 -0.30912
   0.76852 -0.32389
   0.75872 -0.33771
   0.74892 -0.35231
   0.73912 -0.36532
   0.72933 -0.37966
   0.71953 -0.39227
   0.70973 -0.40475
   0.69993 -0.41818
   0.69012 -0.43081
   0.68032 -0.44304
   0.67052 -0.45509
   0.66072 -0.46794
   0.65093 -0.47949
   0.64113 -0.49147
   0.63134 -0.50335
   0.62156 -0.51457
   0.61178 -0.52657
   0.60201 -0.53723
   0.59224 -0.54692
   0.58249 -0.55718
   0.57274 -0.56546
   0.56299 -0.57263
   0.55324 -0.57863
   0.54348 -0.58321
   0.53373 -0.58727
   0.52396 -0.58952
   0.51419 -0.59224
   0.50441 -0.59288
   0.49463 -0.59484
   0.48483 -0.59299
   0.47503 -0.59390
   0.46522 -0.59214
   0.45541 -0.59170
   0.44558 -0.58945
   0.43575 -0.58857
   0.42592 -0.58689
   0.41608 -0.58506
   0.40624 -0.58390
   0.39640 -0.58279
   0.38656 -0.58184
   0.37672 -0.57969
   0.36689 -0.57947
   0.35706 -0.57716
   0.34723 -0.57516
   0.33741 -0.57450
   0.32759 -0.57164
   0.31777 -0.57131
   0.30796 -0.56692
   0.29815 -0.56604
   0.28835 -0.56314
   0.27856 -0.56083
   0.26877 -0.55893
   0.25899 -0.55691
   0.24923 -0.55469
   0.23948 -0.55140
   0.22974 -0.54866
   0.22002 -0.54538
   0.21031 -0.54318
   0.20062 -0.53897
   0.19095 -0.53665
   0.18130 -0.53181
   0.17168 -0.52923
   0.16209 -0.52387
   0.15253 -0.52023
   0.14301 -0.51303
   0.13352 -0.50864
   0.12409 -0.50180
   0.11470 -0.49484
   0.10539 -0.48875
   0.09617 -0.48009
   0.08706 -0.47273
   0.07809 -0.46178
   0.06932 -0.45319
   0.06082 -0.44177
   0.05271 -0.42821
   0.04512 -0.41471
   0.03821 -0.40077
   0.03210 -0.38504
   0.02683 -0.36755
   0.02235 -0.34263
   0.01857 -0.31649
   0.01537 -0.27458
   0.01266 -0.23112
   0.01035 -0.16710
   0.00837 -0.10057
   0.00666 -0.00890
   0.00519  0.09259
   0.00393  0.21016
   0.00286  0.34824
   0.00197  0.49705
   0.00124  0.65636
   0.00069  0.81510
   0.00030  0.95949
   0.00008  1.06927
   0.00000  1.13877
   0.00006  1.16634
   0.00027  1.15083
   0.00063  1.09618
   0.00117  1.00886
   0.00188  0.90660
   0.00275  0.79581
   0.00380  0.68735
   0.00503  0.58332
   0.00647  0.48490
   0.00815  0.39106
   0.01011  0.31440
   0.01238  0.23233
   0.01505  0.16688
   0.01818  0.09967
   0.02189  0.04135
   0.02627 -0.01235
   0.03140 -0.06101
   0.03734 -0.10374
   0.04405 -0.14238
   0.05144 -0.17270
   0.05938 -0.19957
   0.06773 -0.22180
   0.07638 -0.24218
   0.08526 -0.25686
   0.09431 -0.27241
   0.10349 -0.28678
   0.11277 -0.29828
   0.12212 -0.31110
   0.13154 -0.32103
   0.14101 -0.33109
   0.15052 -0.33986
   0.16008 -0.34966
   0.16967 -0.35750
   0.17929 -0.36604
   0.18892 -0.37430
   0.19858 -0.38188
   0.20826 -0.38981
   0.21796 -0.39801
   0.22767 -0.40462
   0.23739 -0.41403
   0.24711 -0.42218
   0.25684 -0.43123
   0.26657 -0.44035
   0.27629 -0.45084
   0.28600 -0.46043
   0.29569 -0.47240
   0.30536 -0.48229
   0.31501 -0.49258
   0.32464 -0.50094
   0.33424 -0.50948
   0.34383 -0.51513
   0.35340 -0.51853
   0.36296 -0.51987
   0.37251 -0.52003
   0.38205 -0.51644
   0.39159 -0.51086
   0.40113 -0.50409
   0.41067 -0.49294
   0.42023 -0.48131
   0.42979 -0.46766
   0.43936 -0.45098
   0.44895 -0.43388
   0.45855 -0.41471
   0.46817 -0.39498
   0.47782 -0.37397
   0.48748 -0.35177
   0.49716 -0.32938
   0.50686 -0.30613
   0.51659 -0.28364
   0.52634 -0.26064
   0.53611 -0.23770
   0.54590 -0.21468
   0.55571 -0.19344
   0.56553 -0.17138
   0.57538 -0.14969
   0.58524 -0.12869
   0.59511 -0.10854
   0.60501 -0.08787
   0.61491 -0.06857
   0.62483 -0.04826
   0.63476 -0.02969
   0.64471 -0.01024
   0.65466  0.00776
   0.66462  0.02670
   0.67457  0.04408
   0.68451  0.06191
   0.69444  0.07896
   0.70435  0.09615
   0.71425  0.11170
   0.72413  0.12821
   0.73399  0.14392
   0.74383  0.15867
   0.75366  0.17360
   0.76348  0.18768
   0.77328  0.20036
   0.78308  0.21392
   0.79286  0.22594
   0.80264  0.23844
   0.81241  0.25075
   0.82215  0.26277
   0.83189  0.27432
   0.84160  0.28541
   0.85129  0.29672
   0.86097  0.30727
   0.87062  0.31723
   0.88024  0.32802
   0.88983  0.33676
   0.89939  0.34621
   0.90891  0.35358
   0.91839  0.36118
   0.92783  0.36802
   0.93722  0.37255
   0.94653  0.37823
   0.95573  0.38086
   0.96477  0.38067
   0.97355  0.38008
   0.98189  0.37487
   0.98950  0.37010
   0.99616  0.39125
   1.00000  0.61281
