 -10.000  -0.9423   0.00000  -0.00026  -0.0547   0.0000   0.0000
  -9.000  -0.8237   0.00000  -0.00025  -0.0567   0.0000   0.0000
  -8.000  -0.7049   0.00000  -0.00023  -0.0587   0.0000   0.0000
  -7.000  -0.5859   0.00000  -0.00022  -0.0606   0.0000   0.0000
  -6.000  -0.4667   0.00000  -0.00021  -0.0626   0.0000   0.0000
  -5.000  -0.3473   0.00000  -0.00020  -0.0645   0.0000   0.0000
  -4.000  -0.2278   0.00000  -0.00019  -0.0665   0.0000   0.0000
  -3.000  -0.1083   0.00000  -0.00018  -0.0683   0.0000   0.0000
  -2.000   0.0113   0.00000  -0.00018  -0.0702   0.0000   0.0000
  -1.000   0.1308   0.00000  -0.00018  -0.0720   0.0000   0.0000
   0.000   0.2503   0.00000  -0.00018  -0.0738   0.0000   0.0000
   1.000   0.3698   0.00000  -0.00018  -0.0756   0.0000   0.0000
   2.000   0.4891   0.00000  -0.00018  -0.0773   0.0000   0.0000
   3.000   0.6083   0.00000  -0.00019  -0.0789   0.0000   0.0000
   4.000   0.7273   0.00000  -0.00020  -0.0806   0.0000   0.0000
   5.000   0.8461   0.00000  -0.00021  -0.0822   0.0000   0.0000
   6.000   0.9646   0.00000  -0.00022  -0.0837   0.0000   0.0000
  