  -8.000  -0.7609   0.00000  -0.00884  -0.0640   0.0000   0.0000
  -7.000  -0.6296   0.00000  -0.00542  -0.0651   0.0000   0.0000
  -6.000  -0.4998   0.00000  -0.00323  -0.0665   0.0000   0.0000
  -5.000  -0.3711   0.00000  -0.00189  -0.0681   0.0000   0.0000
  -4.000  -0.2432   0.00000  -0.00112  -0.0699   0.0000   0.0000
  -3.000  -0.1159   0.00000  -0.00070  -0.0717   0.0000   0.0000
  -2.000   0.0110   0.00000  -0.00051  -0.0737   0.0000   0.0000
  -1.000   0.1376   0.00000  -0.00046  -0.0756   0.0000   0.0000
   0.000   0.2642   0.00000  -0.00052  -0.0775   0.0000   0.0000
   1.000   0.3909   0.00000  -0.00071  -0.0793   0.0000   0.0000
   2.000   0.5179   0.00000  -0.00112  -0.0811   0.0000   0.0000
   3.000   0.6453   0.00000  -0.00189  -0.0826   0.0000   0.0000
   4.000   0.7735   0.00000  -0.00321  -0.0839   0.0000   0.0000
   5.000   0.9027   0.00000  -0.00537  -0.0850   0.0000   0.0000
  
