   1   1.01814   0.08465   0.00000    -11.983       0.906
   2   1.01435   0.08545   0.00387    -11.782       0.906
   3   1.00771   0.08682   0.01065    -11.506       0.518
   4   0.99995   0.08838   0.01856    -11.291       0.427
   5   0.99134   0.09008   0.02734    -11.078       0.423
   6   0.98220   0.09185   0.03665    -10.871       0.352
   7   0.97276   0.09365   0.04626    -10.685       0.323
   8   0.96316   0.09545   0.05603    -10.506       0.317
   9   0.95349   0.09722   0.06586    -10.333       0.295
  10   0.94378   0.09898   0.07573    -10.169       0.288
  11   0.93405   0.10071   0.08561    -10.009       0.277
  12   0.92430   0.10242   0.09551     -9.856       0.263
  13   0.91454   0.10410   0.10541     -9.698       0.294
  14   0.90477   0.10576   0.11532     -9.546       0.239
  15   0.89499   0.10739   0.12524     -9.403       0.263
  16   0.88521   0.10900   0.13515     -9.256       0.255
  17   0.87542   0.11058   0.14507     -9.106       0.272
  18   0.86563   0.11213   0.15498     -8.963       0.231
  19   0.85583   0.11367   0.16490     -8.822       0.268
  20   0.84603   0.11517   0.17481     -8.670       0.268
  21   0.83624   0.11665   0.18472     -8.511       0.292
  22   0.82644   0.11811   0.19462     -8.358       0.246
  23   0.81665   0.11953   0.20452     -8.201       0.307
  24   0.80685   0.12093   0.21441     -8.033       0.284
  25   0.79705   0.12230   0.22430     -7.864       0.313
  26   0.78726   0.12364   0.23419     -7.694       0.289
  27   0.77746   0.12494   0.24408     -7.523       0.312
  28   0.76766   0.12622   0.25396     -7.348       0.307
  29   0.75786   0.12747   0.26384     -7.167       0.334
  30   0.74807   0.12869   0.27371     -6.986       0.306
  31   0.73827   0.12987   0.28358     -6.800       0.351
  32   0.72847   0.13102   0.29345     -6.611       0.319
  33   0.71866   0.13214   0.30331     -6.424       0.344
  34   0.70886   0.13323   0.31317     -6.234       0.328
  35   0.69906   0.13429   0.32303     -6.037       0.368
  36   0.68926   0.13530   0.33288     -5.838       0.336
  37   0.67946   0.13629   0.34273     -5.639       0.371
  38   0.66966   0.13724   0.35258     -5.425       0.386
  39   0.65987   0.13815   0.36241     -5.214       0.365
  40   0.65008   0.13903   0.37224     -4.997       0.404
  41   0.64029   0.13986   0.38206     -4.770       0.403
  42   0.63052   0.14066   0.39187     -4.536       0.430
  43   0.62075   0.14141   0.40167     -4.286       0.459
  44   0.61098   0.14212   0.41146     -4.033       0.446
  45   0.60123   0.14279   0.42124     -3.774       0.476
  46   0.59147   0.14341   0.43101     -3.498       0.510
  47   0.58173   0.14398   0.44078     -3.219       0.487
  48   0.57198   0.14450   0.45054     -2.945       0.495
  49   0.56222   0.14498   0.46031     -2.667       0.498
  50   0.55246   0.14541   0.47007     -2.392       0.483
  51   0.54270   0.14580   0.47985     -2.125       0.470
  52   0.53293   0.14614   0.48962     -1.859       0.482
  53   0.52315   0.14643   0.49941     -1.602       0.436
  54   0.51337   0.14669   0.50920     -1.345       0.480
  55   0.50357   0.14689   0.51899     -1.095       0.409
  56   0.49377   0.14706   0.52879     -0.852       0.457
  57   0.48396   0.14719   0.53860     -0.614       0.392
  58   0.47414   0.14727   0.54842     -0.388       0.411
  59   0.46432   0.14732   0.55824     -0.162       0.393
  60   0.45449   0.14733   0.56807      0.056       0.379
  61   0.44466   0.14730   0.57791      0.271       0.385
  62   0.43482   0.14723   0.58775      0.485       0.374
  63   0.42498   0.14713   0.59759      0.689       0.350
  64   0.41514   0.14700   0.60743      0.899       0.395
  65   0.40530   0.14682   0.61727      1.114       0.367
  66   0.39546   0.14662   0.62711      1.321       0.370
  67   0.38563   0.14637   0.63694      1.534       0.387
  68   0.37580   0.14609   0.64678      1.751       0.383
  69   0.36597   0.14577   0.65661      1.966       0.380
  70   0.35615   0.14541   0.66644      2.187       0.405
  71   0.34633   0.14502   0.67627      2.404       0.365
  72   0.33651   0.14459   0.68610      2.632       0.444
  73   0.32670   0.14412   0.69592      2.857       0.355
  74   0.31689   0.14361   0.70574      3.081       0.442
  75   0.30709   0.14306   0.71556      3.312       0.380
  76   0.29729   0.14248   0.72537      3.539       0.427
  77   0.28751   0.14185   0.73518      3.781       0.436
  78   0.27773   0.14118   0.74497      4.027       0.439
  79   0.26797   0.14047   0.75476      4.284       0.476
  80   0.25822   0.13972   0.76454      4.547       0.464
  81   0.24848   0.13892   0.77431      4.812       0.484
  82   0.23875   0.13808   0.78408      5.084       0.490
  83   0.22904   0.13719   0.79383      5.372       0.542
  84   0.21935   0.13626   0.80356      5.673       0.537
  85   0.20968   0.13527   0.81328      5.970       0.527
  86   0.20004   0.13423   0.82299      6.354       0.854
  87   0.19042   0.13314   0.83267      6.466      -0.448
  88   0.18137   0.13203   0.84178      8.101       6.708
  89   0.17615   0.13119   0.84707     10.286       7.713
  90   0.17096   0.13014   0.85236     12.582       7.443
  91   0.16583   0.12889   0.85765     14.848       7.516
  92   0.16074   0.12743   0.86294     17.123       7.496
  93   0.15572   0.12578   0.86823     19.395       7.501
  94   0.15077   0.12392   0.87352     21.668       7.503
  95   0.14589   0.12187   0.87880     23.940       7.493
  96   0.14110   0.11963   0.88409     26.216       7.527
  97   0.13640   0.11720   0.88938     28.478       7.402
  98   0.13181   0.11458   0.89467     30.791       7.872
  99   0.12684   0.11152   0.90050     32.114       0.042
 100   0.11869   0.10639   0.91014     32.370       0.886
 101   0.11059   0.10121   0.91975     32.805       0.692
 102   0.10256   0.09600   0.92932     33.221       0.825
 103   0.09460   0.09074   0.93886     33.684       0.868
 104   0.08672   0.08544   0.94836     34.168       0.912
 105   0.07894   0.08010   0.95780     34.703       1.067
 106   0.07127   0.07473   0.96716     35.285       1.105
 107   0.06373   0.06933   0.97643     35.928       1.314
 108   0.05636   0.06392   0.98558     36.646       1.427
 109   0.04920   0.05852   0.99455     37.444       1.681
 110   0.04232   0.05317   1.00327     38.362       1.996
 111   0.03581   0.04792   1.01162     39.392       2.304
 112   0.02979   0.04288   1.01948     40.560       2.888
 113   0.02437   0.03814   1.02667     41.885       3.539
 114   0.01966   0.03380   1.03308     43.383       4.621
 115   0.01565   0.02991   1.03866     45.079       5.982
 116   0.01232   0.02646   1.04346     46.930       7.488
 117   0.00957   0.02341   1.04757     48.992      10.047
 118   0.00731   0.02071   1.05109     51.226      12.074
 119   0.00544   0.01829   1.05414     53.682      16.029
 120   0.00391   0.01611   1.05681     56.364      19.038
 121   0.00265   0.01411   1.05917     59.309      24.522
 122   0.00163   0.01226   1.06128     62.609      30.052
 123   0.00080   0.01055   1.06318     66.242      36.635
 124   0.00016   0.00895   1.06491     70.351      46.545
 125  -0.00031   0.00744   1.06649     74.961      55.294
 126  -0.00063   0.00601   1.06796     80.177      68.788
 127  -0.00079   0.00464   1.06933     86.132      82.296
 128  -0.00081   0.00336   1.07062     92.881     100.949
 129  -0.00067   0.00216   1.07182    100.010     106.328
 130  -0.00041   0.00107   1.07295    107.087     113.457
 131  -0.00003   0.00006   1.07402    114.558     128.656
 132   0.00048  -0.00089   1.07510    122.020     114.147
 133   0.00113  -0.00179   1.07622    129.155     108.698
 134   0.00194  -0.00267   1.07741    136.278      99.897
 135   0.00292  -0.00350   1.07869    143.069      85.783
 136   0.00406  -0.00426   1.08006    149.080      67.569
 137   0.00534  -0.00495   1.08152    154.294      57.076
 138   0.00679  -0.00557   1.08309    158.936      46.102
 139   0.00841  -0.00613   1.08480    162.984      36.341
 140   0.01023  -0.00662   1.08669    166.553      29.587
 141   0.01228  -0.00705   1.08879    169.835      25.061
 142   0.01460  -0.00740   1.09114    172.737      18.092
 143   0.01724  -0.00767   1.09379    175.339      16.178
 144   0.02026  -0.00785   1.09681    177.789      12.069
 145   0.02376  -0.00792   1.10031    179.994       9.967
 146   0.02781  -0.00784   1.10436    182.088       8.062
 147   0.03252  -0.00759   1.10908    184.033       6.327
 148   0.03797  -0.00711   1.11455    185.828       5.129
 149   0.04418  -0.00639   1.12080    187.477       4.076
 150   0.05112  -0.00538   1.12781    188.972       3.371
 151   0.05867  -0.00409   1.13547    190.310       2.724
 152   0.06670  -0.00255   1.14365    191.475       2.246
 153   0.07508  -0.00077   1.15222    192.490       1.889
 154   0.08371   0.00122   1.16107    193.383       1.634
 155   0.09250   0.00337   1.17013    194.163       1.373
 156   0.10141   0.00568   1.17933    194.843       1.205
 157   0.11041   0.00812   1.18865    195.459       1.103
 158   0.11945   0.01067   1.19805    196.017       0.970
 159   0.12854   0.01332   1.20751    196.535       0.939
 160   0.13764   0.01607   1.21702    197.014       0.819
 161   0.14677   0.01890   1.22658    197.459       0.808
 162   0.15591   0.02181   1.23618    197.853       0.627
 163   0.16507   0.02479   1.24580    198.303       1.005
 164   0.17422   0.02785   1.25545    198.430      -0.547
 165   0.18338   0.03096   1.26513    199.684       5.061
 166   0.19102   0.03351   1.27318    194.782     -26.318
 167   0.19598   0.03446   1.27823    186.709     -29.683
 168   0.20101   0.03468   1.28327    178.341     -28.379
 169   0.20766   0.03410   1.28994    173.725       4.221
 170   0.21732   0.03316   1.29965    174.788      -0.405
 171   0.22700   0.03228   1.30937    174.897       0.796
 172   0.23670   0.03145   1.31910    175.253       0.480
 173   0.24641   0.03066   1.32884    175.531       0.516
 174   0.25613   0.02993   1.33859    175.821       0.522
 175   0.26585   0.02924   1.34834    176.106       0.498
 176   0.27558   0.02860   1.35809    176.392       0.524
 177   0.28531   0.02801   1.36783    176.676       0.493
 178   0.29503   0.02747   1.37757    176.973       0.573
 179   0.30474   0.02699   1.38729    177.279       0.525
 180   0.31443   0.02655   1.39699    177.603       0.639
 181   0.32410   0.02618   1.40667    177.955       0.631
 182   0.33375   0.02586   1.41632    178.324       0.703
 183   0.34338   0.02562   1.42595    178.712       0.704
 184   0.35298   0.02543   1.43556    179.125       0.796
 185   0.36256   0.02532   1.44514    179.559       0.787
 186   0.37214   0.02529   1.45471    180.001       0.825
 187   0.38169   0.02532   1.46427    180.455       0.833
 188   0.39124   0.02544   1.47382    180.914       0.846
 189   0.40079   0.02563   1.48337    181.380       0.859
 190   0.41033   0.02590   1.49291    181.851       0.864
 191   0.41987   0.02625   1.50246    182.310       0.815
 192   0.42941   0.02667   1.51201    182.769       0.861
 193   0.43897   0.02717   1.52158    183.215       0.767
 194   0.44853   0.02774   1.53116    183.649       0.816
 195   0.45810   0.02839   1.54075    184.076       0.736
 196   0.46769   0.02911   1.55037    184.477       0.723
 197   0.47729   0.02989   1.56000    184.864       0.680
 198   0.48691   0.03074   1.56966    185.230       0.641
 199   0.49655   0.03165   1.57934    185.576       0.608
 200   0.50621   0.03262   1.58905    185.899       0.552
 201   0.51589   0.03365   1.59879    186.198       0.524
 202   0.52560   0.03473   1.60855    186.475       0.466
 203   0.53533   0.03585   1.61834    186.726       0.430
 204   0.54508   0.03702   1.62816    186.955       0.382
 205   0.55485   0.03823   1.63801    187.161       0.347
 206   0.56464   0.03948   1.64788    187.340       0.287
 207   0.57445   0.04076   1.65777    187.508       0.308
 208   0.58427   0.04207   1.66768    187.660       0.227
 209   0.59412   0.04340   1.67762    187.784       0.206
 210   0.60398   0.04476   1.68757    187.897       0.192
 211   0.61385   0.04614   1.69754    187.997       0.158
 212   0.62374   0.04754   1.70753    188.077       0.121
 213   0.63365   0.04895   1.71754    188.150       0.131
 214   0.64357   0.05037   1.72756    188.207       0.068
 215   0.65350   0.05181   1.73760    188.245       0.064
 216   0.66345   0.05325   1.74765    188.274       0.037
 217   0.67340   0.05470   1.75771    188.286       0.004
 218   0.68336   0.05615   1.76777    188.284      -0.012
 219   0.69331   0.05760   1.77783    188.269      -0.040
 220   0.70325   0.05904   1.78787    188.232      -0.086
 221   0.71318   0.06047   1.79790    188.187      -0.071
 222   0.72309   0.06190   1.80791    188.123      -0.152
 223   0.73299   0.06330   1.81791    188.041      -0.136
 224   0.74286   0.06469   1.82788    187.953      -0.174
 225   0.75272   0.06606   1.83784    187.839      -0.225
 226   0.76257   0.06740   1.84777    187.708      -0.234
 227   0.77240   0.06872   1.85769    187.563      -0.277
 228   0.78221   0.07001   1.86759    187.396      -0.309
 229   0.79202   0.07127   1.87748    187.228      -0.285
 230   0.80182   0.07249   1.88735    187.042      -0.372
 231   0.81160   0.07368   1.89721    186.851      -0.306
 232   0.82138   0.07484   1.90705    186.651      -0.403
 233   0.83114   0.07596   1.91688    186.424      -0.401
 234   0.84089   0.07704   1.92669    186.194      -0.416
 235   0.85063   0.07807   1.93648    185.940      -0.493
 236   0.86034   0.07906   1.94624    185.664      -0.493
 237   0.87003   0.08000   1.95598    185.373      -0.549
 238   0.87971   0.08088   1.96569    185.055      -0.593
 239   0.88935   0.08171   1.97538    184.715      -0.635
 240   0.89898   0.08247   1.98503    184.347      -0.694
 241   0.90857   0.08317   1.99465    183.948      -0.754
 242   0.91813   0.08379   2.00422    183.516      -0.824
 243   0.92765   0.08434   2.01376    183.056      -0.859
 244   0.93713   0.08480   2.02326    182.562      -0.953
 245   0.94657   0.08518   2.03271    182.031      -1.012
 246   0.95596   0.08547   2.04210    181.465      -1.092
 247   0.96527   0.08566   2.05141    180.852      -1.207
 248   0.97447   0.08574   2.06061    180.185      -1.323
 249   0.98351   0.08572   2.06965    179.479      -1.400
 250   0.99229   0.08558   2.07843    178.772      -1.412
 251   1.00062   0.08535   2.08677    178.092      -1.432
 252   1.00824   0.08506   2.09439    177.497      -1.292
 253   1.01490   0.08474   2.10105    176.964      -1.504
 254   1.01874   0.08452   2.10490    176.633      -1.504