1.000.000   0.000000
     1.028272    0.003024
     1.024588    0.004194
     1.018112    0.006220
     1.010552    0.008550
     1.002157    0.011104
     0.993234    0.013782
     0.984020    0.016514
     0.974651    0.019259
     0.965207    0.021994
     0.955722    0.024712
     0.946208    0.027408
     0.936679    0.030081
     0.927136    0.032730
     0.917579    0.035355
     0.908013    0.037956
     0.898441    0.040532
     0.888861    0.043085
     0.879272    0.045613
     0.869678    0.048117
     0.860082    0.050596
     0.850483    0.053047
     0.840882    0.055471
     0.831277    0.057869
     0.821670    0.060238
     0.812060    0.062578
     0.802447    0.064889
     0.792829    0.067170
     0.783205    0.069423
     0.773581    0.071644
     0.763955    0.073833
     0.754323    0.075991
     0.744688    0.078117
     0.735047    0.080211
     0.725402    0.082272
     0.715755    0.084301
     0.706106    0.086294
     0.696454    0.088253
     0.686801    0.090177
     0.677145    0.092063
     0.667492    0.093912
     0.657840    0.095722
     0.648192    0.097491
     0.638545    0.099218
     0.628901    0.100901
     0.619259    0.102538
     0.609619    0.104130
     0.599976    0.105673
     0.590328    0.107170
     0.580672    0.108621
     0.571005    0.110025
     0.561328    0.111384
     0.551639    0.112699
     0.541940    0.113970
     0.532229    0.115198
     0.522506    0.116384
     0.512770    0.117530
     0.503022    0.118635
     0.493263    0.119701
     0.483494    0.120730
     0.473714    0.121721
     0.463925    0.122677
     0.454130    0.123595
     0.444328    0.124478
     0.434524    0.125326
     0.424718    0.126138
     0.414910    0.126913
     0.405101    0.127652
     0.395291    0.128354
     0.385480    0.129019
     0.375671    0.129646
     0.365861    0.130236
     0.356051    0.130788
     0.346242    0.131300
     0.336432    0.131775
     0.326624    0.132209
     0.316818    0.132605
     0.307018    0.132961
     0.297226    0.133274
     0.287441    0.133544
     0.277663    0.133770
     0.267893    0.133950
     0.258132    0.134084
     0.247215    0.134158
     0.241876    0.134017
     0.236544    0.133696
     0.231225    0.133197
     0.225927    0.132520
     0.220654    0.131666
     0.215413    0.130635
     0.210210    0.129428
     0.205050    0.128048
     0.199939    0.126496
     0.194883    0.124772
     0.189887    0.122880
     0.184959    0.120822
     0.181154    0.119105
     0.172316    0.115023
     0.163512    0.110902
     0.154747    0.106738
     0.146026    0.102535
     0.137352    0.098286
     0.128728    0.093992
     0.120157    0.089652
     0.111644    0.085263
     0.103198    0.080826
     0.094828    0.076341
     0.086550    0.071810
     0.078379    0.067233
     0.070339    0.062617
     0.062463    0.057969
     0.054799    0.053310
     0.047418    0.048670
     0.040418    0.044102
     0.033923    0.039685
     0.028064    0.035511
     0.022936    0.031666
     0.018566    0.028195
     0.014903    0.025096
     0.011861    0.022340
     0.009339    0.019876
     0.007245    0.017657
     0.005503    0.015635
     0.004051    0.013774
     0.002845    0.012041
     0.001855    0.010417
     0.001058    0.008888
     0.000437    0.007434
    -0.000023    0.006041
    -0.000325    0.004698
    -0.000467    0.003419
    -0.000453    0.002218
    -0.000301    0.001104
    -0.000022    0.000062
     0.000391   -0.000929
     0.000948   -0.001898
     0.001667   -0.002851
     0.002555   -0.003769
     0.003610   -0.004641
     0.004821   -0.005457
     0.006195   -0.006219
     0.007752   -0.006936
     0.009518   -0.007610
     0.011518   -0.008241
     0.013791   -0.008823
     0.016387   -0.009360
     0.019377   -0.009839
     0.022845   -0.010253
     0.026886   -0.010582
     0.031599   -0.010800
     0.037068   -0.010873
     0.043323   -0.010770
     0.050325   -0.010463
     0.057967   -0.009938
     0.066113   -0.009200
     0.074631   -0.008266
     0.083411   -0.007155
     0.092375   -0.005887
     0.101474   -0.004483
     0.110665   -0.002958
     0.119923   -0.001324
     0.129225    0.000407
     0.138561    0.002229
     0.147927    0.004134
     0.157314    0.006117
     0.166719    0.008172
     0.176135    0.010294
     0.185557    0.012480
     0.194984    0.014726
     0.204410    0.017030
     0.213838    0.019390
     0.223266    0.021802
     0.232691    0.024267
     0.238210    0.025652
     0.243786    0.026498
     0.249420    0.026732
     0.255047    0.026352
     0.264609    0.024735
     0.274216    0.023081
     0.283832    0.021474
     0.293452    0.019915
     0.303071    0.018406
     0.312683    0.016951
     0.322282    0.015551
     0.331867    0.014211
     0.341438    0.012934
     0.350989    0.011725
     0.360526    0.010584
     0.370053    0.009516
     0.379573    0.008523
     0.389087    0.007605
     0.398600    0.006764
     0.408114    0.006000
     0.417632    0.005315
     0.427161    0.004706
     0.436702    0.004173
     0.446257    0.003716
     0.455827    0.003330
     0.465418    0.003017
     0.475029    0.002772
     0.484663    0.002594
     0.494321    0.002478
     0.504004    0.002422
     0.513712    0.002422
     0.523448    0.002476
     0.533210    0.002578
     0.543002    0.002726
     0.552820    0.002916
     0.562663    0.003143
     0.572528    0.003405
     0.582416    0.003696
     0.592323    0.004016
     0.602252    0.004361
     0.612199    0.004726
     0.622163    0.005111
     0.632144    0.005513
     0.642141    0.005928
     0.652153    0.006355
     0.662180    0.006791
     0.672220    0.007234
     0.682270    0.007681
     0.692322    0.008128
     0.702370    0.008574
     0.712406    0.009015
     0.722426    0.009448
     0.732429    0.009871
     0.742415    0.010280
     0.752382    0.010674
     0.762331    0.011050
     0.772261    0.011403
     0.782172    0.011732
     0.792068    0.012033
     0.801950    0.012305
     0.811819    0.012547
     0.821677    0.012755
     0.831520    0.012930
     0.841348    0.013067
     0.851156    0.013165
     0.860943    0.013222
     0.870707    0.013234
     0.880446    0.013197
     0.890158    0.013109
     0.899841    0.012965
     0.909491    0.012763
     0.919103    0.012497
     0.928676    0.012162
     0.938207    0.011755
     0.947689    0.011271
     0.957119    0.010704
     0.966487    0.010052
     0.975767    0.009309
     0.984931    0.008473
     0.993925    0.007544
     1.002648    0.006533
     1.010918    0.005473
     1.018468    0.004419
     1.025056    0.003435
     1.028858    0.002837
