1.000.000   0.000000
     1.018136    0.084652
     1.014353    0.085448
     1.007707    0.086816
     1.000624    0.085354
     0.999952    0.088379
     0.991344    0.090081
     0.982198    0.091854
     0.972757    0.093651
     0.963161    0.095446
     0.953491    0.097224
     0.943781    0.098980
     0.934046    0.100712
     0.924297    0.102419
     0.914537    0.104101
     0.904766    0.105757
     0.894988    0.107389
     0.885206    0.108996
     0.875419    0.110578
     0.865625    0.112135
     0.855829    0.113668
     0.846033    0.115175
     0.836237    0.116655
     0.826442    0.118107
     0.816646    0.119533
     0.806850    0.120930
     0.797054    0.122298
     0.787258    0.123636
     0.777460    0.124945
     0.767660    0.126224
     0.757862    0.127472
     0.748065    0.128688
     0.738266    0.129873
     0.728466    0.131025
     0.718664    0.132145
     0.708862    0.133232
     0.699060    0.134286
     0.689260    0.135305
     0.679461    0.136290
     0.669664    0.137239
     0.659868    0.138151
     0.650078    0.139026
     0.640294    0.139862
     0.630517    0.140658
     0.620746    0.141412
     0.610982    0.142122
     0.601225    0.142788
     0.591474    0.143408
     0.581725    0.143980
     0.571976    0.144505
     0.562223    0.144983
     0.552464    0.145414
     0.542700    0.145799
     0.532928    0.146139
     0.523150    0.146434
     0.513365    0.146686
     0.503572    0.146894
     0.493770    0.147061
     0.483961    0.147186
     0.474144    0.147272
     0.464321    0.147319
     0.454491    0.147328
     0.444656    0.147300
     0.434818    0.147235
     0.424977    0.147134
     0.415137    0.146998
     0.405299    0.146825
     0.395463    0.146616
     0.385629    0.146371
     0.375798    0.146089
     0.365970    0.145770
     0.356147    0.145414
     0.346327    0.145020
     0.336511    0.144589
     0.326700    0.144118
     0.316892    0.143610
     0.307089    0.143062
     0.297293    0.142476
     0.287506    0.141850
     0.277732    0.141183
     0.267969    0.140474
     0.258218    0.139721
     0.248479    0.138924
     0.238753    0.138082
     0.229044    0.137194
     0.219354    0.136257
     0.209684    0.135271
     0.200036    0.134232
     0.190416    0.133141
     0.181369    0.132034
     0.176148    0.131192
     0.170964    0.130143
     0.165826    0.128889
     0.160742    0.127432
     0.155719    0.125775
     0.150766    0.123920
     0.145891    0.121870
     0.141101    0.119629
     0.136403    0.117199
     0.131805    0.114585
     0.126841    0.111522
     0.118689    0.106388
     0.110595    0.101212
     0.102563    0.095995
     0.094603    0.090736
     0.086723    0.085437
     0.078939    0.080101
     0.071267    0.074730
     0.063728    0.069334
     0.056356    0.063922
     0.049197    0.058520
     0.042316    0.053166
     0.035808    0.047921
     0.029786    0.042876
     0.024374    0.038138
     0.019656    0.033800
     0.015655    0.029909
     0.012320    0.026460
     0.009569    0.023413
     0.007306    0.020710
     0.005444    0.018293
     0.003913    0.016107
     0.002654    0.014109
     0.001627    0.012265
     0.000805    0.010551
     0.000164    0.008949
    -0.000309    0.007441
    -0.000627    0.006008
    -0.000793    0.004642
    -0.000807    0.003355
    -0.000672    0.002161
    -0.000410    0.001068
    -0.000028    0.000060
     0.000482   -0.000885
     0.001133   -0.001794
     0.001943   -0.002670
     0.002919   -0.003495
     0.004056   -0.004257
     0.005343   -0.004948
     0.006785   -0.005569
     0.008407   -0.006126
     0.010231   -0.006621
     0.012284   -0.007048
     0.014604   -0.007401
     0.017241   -0.007675
     0.020263   -0.007853
     0.023755   -0.007919
     0.027809   -0.007842
     0.032520   -0.007587
     0.037969   -0.007114
     0.044182   -0.006386
     0.051118   -0.005381
     0.058670   -0.004094
     0.066702   -0.002546
     0.075083   -0.000765
     0.083708    0.001218
     0.092501    0.003375
     0.101414    0.005682
     0.110407    0.008117
     0.119454    0.010668
     0.128538    0.013320
     0.137644    0.016066
     0.146773    0.018898
     0.155915    0.021810
     0.165067    0.024794
     0.174224    0.027847
     0.183380    0.030964
     0.191024    0.033513
     0.195976    0.034460
     0.201013    0.034679
     0.207663    0.034097
     0.217322    0.033162
     0.227000    0.032279
     0.236696    0.031446
     0.246407    0.030663
     0.256127    0.029928
     0.265851    0.029242
     0.275579    0.028604
     0.285307    0.028015
     0.295029    0.027475
     0.304738    0.026988
     0.314429    0.026554
     0.324100    0.026179
     0.333750    0.025865
     0.343375    0.025616
     0.352978    0.025434
     0.362564    0.025324
     0.372135    0.025287
     0.381694    0.025325
     0.391243    0.025439
     0.400786    0.025630
     0.410325    0.025899
     0.419867    0.026246
     0.429413    0.026669
     0.438966    0.027169
     0.448527    0.027742
     0.458101    0.028389
     0.467688    0.029106
     0.477292    0.029891
     0.486913    0.030741
     0.496553    0.031653
     0.506213    0.032624
     0.515894    0.033650
     0.525597    0.034728
     0.535325    0.035854
     0.545075    0.037024
     0.554846    0.038234
     0.564636    0.039480
     0.574445    0.040758
     0.584271    0.042067
     0.594115    0.043402
     0.603976    0.044760
     0.613852    0.046139
     0.623743    0.047536
     0.633648    0.048948
     0.643567    0.050374
     0.653500    0.051810
     0.663446    0.053254
     0.673401    0.054703
     0.683358    0.056153
     0.693311    0.057601
     0.703253    0.059043
     0.713179    0.060475
     0.723090    0.061896
     0.732985    0.063301
     0.742863    0.064689
     0.752724    0.066057
     0.762569    0.067401
     0.772398    0.068719
     0.782214    0.070008
     0.792019    0.071266
     0.801815    0.072493
     0.811603    0.073685
     0.821379    0.074843
     0.831144    0.075962
     0.840893    0.077040
     0.850625    0.078075
     0.860339    0.079062
     0.870033    0.079999
     0.879705    0.080882
     0.889354    0.081707
     0.898976    0.082470
     0.908567    0.083166
     0.918125    0.083790
     0.927649    0.084337
     0.937132    0.084803
     0.946572    0.085182
     0.955958    0.085469
     0.965266    0.085658
     0.974467    0.085742
     0.983509    0.085716
     0.992290    0.085582
     1.000624    0.085354
     1.007707    0.086816
     1.008242    0.085060
     1.014895    0.084739
     1.018738    0.084524
