 -24.000  -0.9461   0.23889   0.23820   0.0605   0.9997   0.0025
 -23.000  -0.9602   0.21354   0.21273   0.0434   0.9997   0.0027
 -22.000  -1.5341   0.08054   0.07817  -0.0349   0.9997   0.0024
 -21.000  -1.5882   0.06065   0.05796  -0.0432   0.9997   0.0024
 -20.000  -1.6088   0.04673   0.04379  -0.0478   0.9997   0.0025
 -19.000  -1.6083   0.03657   0.03341  -0.0497   0.9997   0.0026
 -18.000  -1.5872   0.02897   0.02564  -0.0504   0.9997   0.0026
 -17.000  -1.5470   0.02326   0.01977  -0.0506   0.9997   0.0027
 -16.000  -1.4921   0.01901   0.01539  -0.0504   0.9997   0.0027
 -15.000  -1.4342   0.01599   0.01225  -0.0477   0.9997   0.0029
 -14.000  -1.3386   0.01379   0.00997  -0.0492   0.9979   0.0034
 -13.000  -1.2246   0.01212   0.00828  -0.0531   0.9951   0.0037
 -12.000  -1.1144   0.01069   0.00681  -0.0556   0.9860   0.0042
 -11.000  -1.0103   0.00953   0.00560  -0.0561   0.9672   0.0049
 -10.000  -0.9037   0.00857   0.00459  -0.0568   0.9440   0.0057
  -9.000  -0.7942   0.00778   0.00374  -0.0577   0.9191   0.0068
  -8.000  -0.6828   0.00707   0.00299  -0.0589   0.8930   0.0090
  -7.000  -0.5706   0.00649   0.00238  -0.0600   0.8663   0.0123
  -6.000  -0.4572   0.00598   0.00187  -0.0612   0.8400   0.0188
  -5.000  -0.3431   0.00551   0.00143  -0.0625   0.8136   0.0350
  -4.000  -0.2288   0.00504   0.00107  -0.0637   0.7845   0.0763
  -3.000  -0.1150   0.00448   0.00074  -0.0650   0.7434   0.1783
  -2.000  -0.0017   0.00358   0.00038  -0.0664   0.6982   0.4001
  -1.000   0.1130   0.00349   0.00033  -0.0674   0.6446   0.4675
   0.000   0.2223   0.00413   0.00048  -0.0675   0.4570   0.5065
   1.000   0.3314   0.00503   0.00076  -0.0676   0.2445   0.5218
   2.000   0.4419   0.00582   0.00108  -0.0678   0.0951   0.5328
   3.000   0.5543   0.00637   0.00143  -0.0683   0.0380   0.5442
   4.000   0.6670   0.00683   0.00180  -0.0688   0.0218   0.5558
   5.000   0.7791   0.00732   0.00225  -0.0693   0.0144   0.5708
   6.000   0.8900   0.00789   0.00280  -0.0695   0.0102   0.5852
   7.000   0.9998   0.00852   0.00343  -0.0696   0.0080   0.6031
   8.000   1.1081   0.00925   0.00419  -0.0694   0.0064   0.6226
   9.000   1.2144   0.01014   0.00511  -0.0690   0.0052   0.6443
  10.000   1.3185   0.01105   0.00608  -0.0682   0.0047   0.6695
  11.000   1.4189   0.01224   0.00735  -0.0669   0.0039   0.6972
  12.000   1.5175   0.01342   0.00863  -0.0654   0.0037   0.7291
  13.000   1.6109   0.01489   0.01020  -0.0632   0.0033   0.7671
  14.000   1.6963   0.01678   0.01229  -0.0598   0.0029   0.8215
  15.000   1.7742   0.01840   0.01432  -0.0553   0.0028   1.0003
  16.000   1.8328   0.02063   0.01666  -0.0479   0.0027   1.0003
  17.000   1.8776   0.02375   0.01992  -0.0398   0.0026   1.0003
  18.000   1.9107   0.02817   0.02452  -0.0324   0.0025   1.0003
  19.000   1.9282   0.03454   0.03110  -0.0261   0.0024   1.0003
  20.000   1.9232   0.04411   0.04093  -0.0220   0.0022   1.0003
  21.000   1.8908   0.05895   0.05611  -0.0225   0.0021   1.0003
  22.000   1.8250   0.08189   0.07945  -0.0306   0.0021   1.0003
  23.000   1.6220   0.13440   0.13266  -0.0614   0.0022   1.0003
  24.000   1.1560   0.30775   0.30730  -0.1844   0.0008   1.0003