  -5.000  -0.4455   0.01539   0.01027  -0.1184   0.2025   0.0057
  -4.000  -0.3343   0.01216   0.00680  -0.1197   0.2010   0.0064
  -3.000  -0.2197   0.01067   0.00518  -0.1206   0.1997   0.0067
  -2.000  -0.1046   0.00938   0.00382  -0.1216   0.1984   0.0078
  -1.000   0.0117   0.00868   0.00308  -0.1227   0.1973   0.0088
   0.000   0.1285   0.00819   0.00257  -0.1239   0.1965   0.0102
   1.000   0.2460   0.00780   0.00217  -0.1254   0.1965   0.0129
   2.000   0.3640   0.00757   0.00193  -0.1271   0.1963   0.0167
   3.000   0.4824   0.00741   0.00178  -0.1291   0.1962   0.0238
   4.000   0.6007   0.00733   0.00171  -0.1312   0.1960   0.0371
   5.000   0.7188   0.00732   0.00174  -0.1334   0.1958   0.0590
   6.000   0.8365   0.00739   0.00185  -0.1357   0.1955   0.0852
   7.000   0.9536   0.00752   0.00202  -0.1380   0.1951   0.1081
   8.000   1.0699   0.00771   0.00224  -0.1404   0.1947   0.1261
   9.000   1.1855   0.00794   0.00251  -0.1429   0.1943   0.1394
  10.000   1.3006   0.00815   0.00273  -0.1454   0.1911   0.1493
  11.000   1.4143   0.00843   0.00303  -0.1479   0.1865   0.1556
  12.000   1.4963   0.01166   0.00541  -0.1449   0.0297   0.1619
  13.000   1.5990   0.01271   0.00639  -0.1458   0.0134   0.1662
  14.000   1.6991   0.01379   0.00746  -0.1465   0.0081   0.1704
  15.000   1.7949   0.01498   0.00867  -0.1466   0.0054   0.1724
  16.000   1.8844   0.01636   0.01008  -0.1457   0.0040   0.1759
  17.000   1.9568   0.01798   0.01177  -0.1418   0.0030   0.1782
  18.000   2.0173   0.02011   0.01399  -0.1365   0.0026   0.1806
  19.000   2.0661   0.02311   0.01711  -0.1306   0.0021   0.1817
  20.000   2.1037   0.02727   0.02141  -0.1248   0.0018   0.1836
  21.000   2.1212   0.03366   0.02799  -0.1190   0.0015   0.1851
  22.000   2.1153   0.04349   0.03806  -0.1144   0.0014   0.1865
  23.000   2.0755   0.05946   0.05435  -0.1130   0.0013   0.1874
  24.000   1.7487   0.12409   0.11995  -0.1249   0.0016   0.1846