#    x        Cp  
   0.99793  0.15539
   0.99427  0.14688
   0.98784  0.12781
   0.98033  0.10432
   0.97200  0.07646
   0.96313  0.04587
   0.95398  0.01399
   0.94468 -0.01863
   0.93530 -0.05119
   0.92587 -0.08379
   0.91642 -0.11609
   0.90695 -0.14843
   0.89747 -0.18115
   0.88797 -0.21399
   0.87847 -0.24774
   0.86895 -0.28295
   0.85943 -0.32053
   0.84990 -0.36083
   0.84037 -0.40677
   0.83083 -0.46122
   0.82128 -0.53083
   0.81174 -0.64721
   0.80703 -0.78704
   0.79791 -0.62778
   0.78811 -0.58837
   0.77832 -0.56463
   0.76852 -0.55305
   0.75872 -0.54648
   0.74892 -0.54467
   0.73912 -0.54428
   0.72933 -0.54659
   0.71953 -0.54938
   0.70973 -0.55285
   0.69993 -0.55818
   0.69012 -0.56335
   0.68032 -0.56915
   0.67052 -0.57533
   0.66072 -0.58193
   0.65093 -0.58870
   0.64113 -0.59577
   0.63134 -0.60318
   0.62156 -0.61027
   0.61178 -0.61797
   0.60201 -0.62544
   0.59224 -0.63201
   0.58249 -0.63916
   0.57274 -0.64547
   0.56299 -0.65084
   0.55324 -0.65595
   0.54348 -0.66023
   0.53373 -0.66375
   0.52396 -0.66714
   0.51419 -0.67014
   0.50441 -0.67254
   0.49463 -0.67534
   0.48483 -0.67635
   0.47503 -0.67847
   0.46522 -0.68001
   0.45541 -0.68142
   0.44558 -0.68309
   0.43575 -0.68431
   0.42592 -0.68678
   0.41608 -0.68833
   0.40624 -0.68996
   0.39640 -0.69284
   0.38656 -0.69560
   0.37672 -0.69795
   0.36689 -0.70105
   0.35706 -0.70413
   0.34723 -0.70684
   0.33741 -0.71034
   0.32759 -0.71358
   0.31777 -0.71784
   0.30796 -0.72033
   0.29815 -0.72527
   0.28835 -0.72871
   0.27856 -0.73430
   0.26877 -0.73837
   0.25899 -0.74425
   0.24923 -0.75018
   0.23948 -0.75532
   0.22974 -0.76167
   0.22002 -0.76823
   0.21031 -0.77584
   0.20062 -0.78419
   0.19095 -0.79194
   0.18130 -0.80123
   0.17168 -0.81260
   0.16209 -0.82235
   0.15253 -0.83362
   0.14301 -0.84571
   0.13352 -0.86005
   0.12409 -0.87617
   0.11470 -0.89156
   0.10539 -0.91330
   0.09617 -0.93514
   0.08706 -0.96082
   0.07809 -0.99238
   0.06932 -1.02488
   0.06082 -1.06636
   0.05271 -1.11709
   0.04512 -1.16768
   0.03821 -1.23503
   0.03210 -1.30172
   0.02683 -1.39513
   0.02235 -1.53765
   0.01857 -1.62254
   0.01537 -1.70831
   0.01266 -1.80581
   0.01035 -1.88946
   0.00837 -1.98302
   0.00666 -2.06180
   0.00519 -2.12482
   0.00393 -2.16928
   0.00286 -2.18026
   0.00197 -2.15871
   0.00124 -2.07510
   0.00069 -1.88762
   0.00030 -1.57873
   0.00008 -1.26326
   0.00000 -0.88121
   0.00006 -0.47479
   0.00027 -0.05770
   0.00063  0.26170
   0.00117  0.55578
   0.00188  0.75893
   0.00275  0.88740
   0.00380  0.96233
   0.00503  0.99511
   0.00647  0.99859
   0.00815  0.98087
   0.01011  0.94909
   0.01238  0.90797
   0.01505  0.85764
   0.01818  0.80303
   0.02189  0.74792
   0.02627  0.68874
   0.03140  0.63060
   0.03734  0.57375
   0.04405  0.51972
   0.05144  0.47115
   0.05938  0.42611
   0.06773  0.38659
   0.07638  0.35304
   0.08526  0.32036
   0.09431  0.29405
   0.10349  0.26829
   0.11277  0.24609
   0.12212  0.22360
   0.13154  0.20576
   0.14101  0.18817
   0.15052  0.17165
   0.16008  0.15674
   0.16967  0.14235
   0.17929  0.12826
   0.18892  0.11696
   0.19858  0.10413
   0.20826  0.09250
   0.21796  0.08218
   0.22767  0.07118
   0.23739  0.06056
   0.24711  0.05129
   0.25684  0.04056
   0.26657  0.03099
   0.27629  0.02029
   0.28600  0.01226
   0.29569  0.00076
   0.30536 -0.00819
   0.31501 -0.01713
   0.32464 -0.02495
   0.33424 -0.03277
   0.34383 -0.03891
   0.35340 -0.04430
   0.36296 -0.04803
   0.37251 -0.05133
   0.38205 -0.05224
   0.39159 -0.05203
   0.40113 -0.05153
   0.41067 -0.04884
   0.42023 -0.04501
   0.42979 -0.04021
   0.43936 -0.03417
   0.44895 -0.02759
   0.45855 -0.01968
   0.46817 -0.01160
   0.47782 -0.00258
   0.48748  0.00611
   0.49716  0.01500
   0.50686  0.02321
   0.51659  0.03041
   0.52634  0.03620
   0.53611  0.05918
   0.54590  0.09208
   0.55571  0.10137
   0.56553  0.10988
   0.57538  0.11949
   0.58524  0.12904
   0.59511  0.13991
   0.60501  0.15082
   0.61491  0.16220
   0.62483  0.17386
   0.63476  0.18520
   0.64471  0.19718
   0.65466  0.20917
   0.66462  0.22141
   0.67457  0.23365
   0.68451  0.24596
   0.69444  0.25879
   0.70435  0.27185
   0.71425  0.28451
   0.72413  0.29861
   0.73399  0.31278
   0.74383  0.32756
   0.75366  0.34372
   0.76348  0.36143
   0.77328  0.38154
   0.78308  0.40605
   0.79286  0.44073
   0.79799  0.46511
   0.80055  0.48945
   0.80412  0.46238
   0.81127  0.43774
   0.82108  0.41583
   0.83086  0.40193
   0.84063  0.39179
   0.85036  0.38443
   0.86007  0.37876
   0.86975  0.37382
   0.87939  0.36955
   0.88899  0.36589
   0.89856  0.36228
   0.90808  0.35783
   0.91755  0.35354
   0.92696  0.34891
   0.93631  0.34260
   0.94557  0.33572
   0.95472  0.32696
   0.96369  0.31439
   0.97239  0.29948
   0.98063  0.28035
   0.98816  0.25465
   0.99472  0.22489
   0.99851  0.15539
