   0.99790  0.23560
   0.99404  0.20757
   0.98728  0.17395
   0.97939  0.14746
   0.97064  0.12512
   0.96135  0.10779
   0.95176  0.09366
   0.94202  0.08199
   0.93220  0.07319
   0.92235  0.06602
   0.91248  0.06081
   0.90259  0.05671
   0.89270  0.05450
   0.88280  0.05420
   0.87290  0.05500
   0.86299  0.05792
   0.85308  0.06340
   0.84317  0.07175
   0.83326  0.08448
   0.82336  0.10347
   0.81345  0.13468
   0.80641  0.16863
   0.80289  0.20417
   0.80123  0.18081
   0.79791  0.15527
   0.78811  0.09870
   0.77832  0.06132
   0.76852  0.03073
   0.75872  0.00556
   0.74892 -0.01681
   0.73912 -0.03643
   0.72933 -0.05469
   0.71953 -0.07131
   0.70973 -0.08663
   0.69993 -0.10168
   0.69012 -0.11558
   0.68032 -0.12893
   0.67052 -0.14174
   0.66072 -0.15426
   0.65093 -0.16603
   0.64113 -0.17762
   0.63134 -0.18900
   0.62156 -0.19968
   0.61178 -0.21038
   0.60201 -0.22062
   0.59224 -0.22969
   0.58249 -0.23915
   0.57274 -0.24730
   0.56299 -0.25478
   0.55324 -0.26162
   0.54348 -0.26738
   0.53373 -0.27278
   0.52396 -0.27688
   0.51419 -0.28165
   0.50441 -0.28448
   0.49463 -0.28825
   0.48483 -0.29061
   0.47503 -0.29217
   0.46522 -0.29473
   0.45541 -0.29561
   0.44558 -0.29666
   0.43575 -0.29679
   0.42592 -0.29736
   0.41608 -0.29486
   0.40624 -0.29473
   0.39640 -0.29953
   0.38656 -0.31977
   0.37672 -0.31701
   0.36689 -0.31534
   0.35706 -0.31746
   0.34723 -0.31831
   0.33741 -0.31805
   0.32759 -0.31985
   0.31777 -0.32200
   0.30796 -0.32163
   0.29815 -0.32212
   0.28835 -0.32327
   0.27856 -0.32471
   0.26877 -0.32646
   0.25899 -0.32553
   0.24923 -0.32849
   0.23948 -0.32775
   0.22974 -0.32935
   0.22002 -0.32944
   0.21031 -0.32999
   0.20062 -0.33029
   0.19095 -0.33028
   0.18130 -0.33256
   0.17168 -0.33211
   0.16209 -0.33106
   0.15253 -0.33221
   0.14301 -0.33097
   0.13352 -0.33200
   0.12409 -0.32772
   0.11470 -0.33088
   0.10539 -0.33001
   0.09617 -0.32467
   0.08706 -0.32648
   0.07809 -0.32551
   0.06932 -0.32348
   0.06082 -0.31950
   0.05271 -0.32241
   0.04512 -0.31100
   0.03821 -0.31816
   0.03210 -0.31077
   0.02683 -0.30674
   0.02235 -0.29541
   0.01857 -0.28819
   0.01537 -0.27068
   0.01266 -0.24218
   0.01035 -0.21166
   0.00837 -0.17289
   0.00666 -0.12013
   0.00519 -0.04922
   0.00393  0.04155
   0.00286  0.13471
   0.00197  0.27551
   0.00124  0.38738
   0.00069  0.56875
   0.00030  0.69310
   0.00008  0.84003
   0.00000  0.93769
   0.00006  0.98833
   0.00027  0.99915
   0.00063  0.96858
   0.00117  0.89500
   0.00188  0.81434
   0.00275  0.72733
   0.00380  0.62466
   0.00503  0.53536
   0.00647  0.45896
   0.00815  0.38139
   0.01011  0.31151
   0.01238  0.24724
   0.01505  0.19323
   0.01818  0.13913
   0.02189  0.09110
   0.02627  0.04254
   0.03140  0.00608
   0.03734 -0.02938
   0.04405 -0.06240
   0.05144 -0.09063
   0.05938 -0.11238
   0.06773 -0.13228
   0.07638 -0.14983
   0.08526 -0.16450
   0.09431 -0.17760
   0.10349 -0.19049
   0.11277 -0.20206
   0.12212 -0.21470
   0.13154 -0.22383
   0.14101 -0.23325
   0.15052 -0.24164
   0.16008 -0.25086
   0.16967 -0.25828
   0.17929 -0.26601
   0.18892 -0.27571
   0.19858 -0.28231
   0.20826 -0.29018
   0.21796 -0.29821
   0.22767 -0.30526
   0.23739 -0.31295
   0.24711 -0.32117
   0.25684 -0.32938
   0.26657 -0.33739
   0.27629 -0.34616
   0.28600 -0.35594
   0.29569 -0.36460
   0.30536 -0.37381
   0.31501 -0.38334
   0.32464 -0.39009
   0.33424 -0.39782
   0.34383 -0.40497
   0.35340 -0.40986
   0.36296 -0.41229
   0.37251 -0.41494
   0.38205 -0.41573
   0.39159 -0.41441
   0.40113 -0.41213
   0.41067 -0.40883
   0.42023 -0.40359
   0.42979 -0.39679
   0.43936 -0.38929
   0.44895 -0.38097
   0.45855 -0.37052
   0.46817 -0.36123
   0.47782 -0.35042
   0.48748 -0.33983
   0.49716 -0.32944
   0.50686 -0.31969
   0.51659 -0.31152
   0.52634 -0.30501
   0.53611 -0.27746
   0.54590 -0.23824
   0.55571 -0.22846
   0.56553 -0.22003
   0.57538 -0.21126
   0.58524 -0.20126
   0.59511 -0.19148
   0.60501 -0.18096
   0.61491 -0.17056
   0.62483 -0.16032
   0.63476 -0.15036
   0.64471 -0.14056
   0.65466 -0.13117
   0.66462 -0.12177
   0.67457 -0.11357
   0.68451 -0.10517
   0.69444 -0.09793
   0.70435 -0.09100
   0.71425 -0.08571
   0.72413 -0.08081
   0.73399 -0.07734
   0.74383 -0.07603
   0.75366 -0.07669
   0.76348 -0.08102
   0.77328 -0.09077
   0.78308 -0.11082
   0.79286 -0.13859
   0.80175 -0.32774
   0.80380 -0.21972
   0.81336 -0.09632
   0.82290 -0.04300
   0.83244 -0.00306
   0.84196  0.02824
   0.85146  0.05474
   0.86096  0.07789
   0.87043  0.09853
   0.87989  0.11718
   0.88932  0.13401
   0.89874  0.14976
   0.90812  0.16370
   0.91748  0.17656
   0.92680  0.18832
   0.93608  0.19838
   0.94530  0.20779
   0.95442  0.21527
   0.96340  0.22066
   0.97213  0.22445
   0.98043  0.22615
   0.98803  0.22724
   0.99467  0.23129
   0.99851  0.23560
