   1   0.99793  -0.02417   0.00000    -18.983       0.907
   2   0.99427  -0.02292   0.00387    -18.782       0.907
   3   0.98784  -0.02075   0.01065    -18.505       0.517
   4   0.98033  -0.01826   0.01856    -18.292       0.426
   5   0.97200  -0.01552   0.02734    -18.078       0.424
   6   0.96313  -0.01265   0.03665    -17.871       0.351
   7   0.95398  -0.00971   0.04626    -17.685       0.323
   8   0.94468  -0.00676   0.05603    -17.506       0.318
   9   0.93530  -0.00382   0.06586    -17.333       0.294
  10   0.92587  -0.00089   0.07573    -17.169       0.288
  11   0.91642   0.00201   0.08561    -17.009       0.277
  12   0.90695   0.00490   0.09551    -16.856       0.263
  13   0.89747   0.00776   0.10541    -16.698       0.295
  14   0.88797   0.01059   0.11532    -16.546       0.239
  15   0.87847   0.01340   0.12524    -16.403       0.263
  16   0.86895   0.01619   0.13515    -16.256       0.255
  17   0.85943   0.01895   0.14507    -16.106       0.274
  18   0.84990   0.02169   0.15498    -15.964       0.225
  19   0.84037   0.02441   0.16490    -15.818       0.292
  20   0.83083   0.02710   0.17481    -15.685       0.175
  21   0.82128   0.02976   0.18472    -15.454       0.641
  22   0.81174   0.03239   0.19462    -15.570      -1.050
  23   0.80703   0.03362   0.19948    -12.431      23.659
  24   0.79791   0.03501   0.20871     -7.402      -4.565
  25   0.78811   0.03641   0.21861     -8.248       1.596
  26   0.77832   0.03777   0.22850     -7.807      -0.038
  27   0.76852   0.03911   0.23838     -7.709       0.383
  28   0.75872   0.04042   0.24827     -7.519       0.286
  29   0.74892   0.04170   0.25815     -7.349       0.314
  30   0.73912   0.04295   0.26803     -7.167       0.331
  31   0.72933   0.04416   0.27790     -6.986       0.307
  32   0.71953   0.04535   0.28777     -6.800       0.350
  33   0.70973   0.04650   0.29764     -6.611       0.320
  34   0.69993   0.04762   0.30751     -6.424       0.344
  35   0.69012   0.04871   0.31737     -6.234       0.328
  36   0.68032   0.04976   0.32723     -6.037       0.368
  37   0.67052   0.05078   0.33708     -5.838       0.337
  38   0.66072   0.05177   0.34693     -5.639       0.371
  39   0.65093   0.05271   0.35677     -5.426       0.385
  40   0.64113   0.05363   0.36661     -5.214       0.366
  41   0.63134   0.05450   0.37644     -4.997       0.404
  42   0.62156   0.05534   0.38626     -4.770       0.403
  43   0.61178   0.05613   0.39607     -4.536       0.431
  44   0.60201   0.05689   0.40587     -4.287       0.458
  45   0.59224   0.05760   0.41566     -4.033       0.447
  46   0.58249   0.05826   0.42544     -3.774       0.475
  47   0.57274   0.05888   0.43521     -3.499       0.511
  48   0.56299   0.05946   0.44497     -3.219       0.487
  49   0.55324   0.05998   0.45474     -2.945       0.496
  50   0.54348   0.06046   0.46450     -2.667       0.498
  51   0.53373   0.06089   0.47427     -2.392       0.484
  52   0.52396   0.06128   0.48404     -2.125       0.469
  53   0.51419   0.06162   0.49382     -1.859       0.482
  54   0.50441   0.06191   0.50360     -1.602       0.436
  55   0.49463   0.06216   0.51339     -1.345       0.480
  56   0.48483   0.06237   0.52318     -1.095       0.409
  57   0.47503   0.06254   0.53299     -0.852       0.457
  58   0.46522   0.06266   0.54280     -0.614       0.392
  59   0.45541   0.06275   0.55261     -0.388       0.411
  60   0.44558   0.06279   0.56244     -0.162       0.393
  61   0.43575   0.06280   0.57227      0.056       0.379
  62   0.42592   0.06278   0.58210      0.271       0.385
  63   0.41608   0.06271   0.59194      0.485       0.373
  64   0.40624   0.06261   0.60178      0.689       0.350
  65   0.39640   0.06247   0.61162      0.899       0.394
  66   0.38656   0.06230   0.62146      1.113       0.367
  67   0.37672   0.06209   0.63130      1.321       0.370
  68   0.36689   0.06185   0.64114      1.534       0.386
  69   0.35706   0.06157   0.65097      1.751       0.384
  70   0.34723   0.06125   0.66081      1.966       0.379
  71   0.33741   0.06089   0.67064      2.187       0.406
  72   0.32759   0.06050   0.68046      2.404       0.364
  73   0.31777   0.06007   0.69029      2.632       0.445
  74   0.30796   0.05959   0.70011      2.857       0.355
  75   0.29815   0.05909   0.70993      3.081       0.442
  76   0.28835   0.05854   0.71975      3.312       0.380
  77   0.27856   0.05795   0.72956      3.539       0.427
  78   0.26877   0.05733   0.73937      3.781       0.435
  79   0.25899   0.05666   0.74917      4.027       0.440
  80   0.24923   0.05595   0.75896      4.284       0.476
  81   0.23948   0.05520   0.76874      4.547       0.463
  82   0.22974   0.05440   0.77851      4.812       0.485
  83   0.22002   0.05356   0.78827      5.084       0.488
  84   0.21031   0.05267   0.79802      5.373       0.548
  85   0.20062   0.05173   0.80776      5.670       0.515
  86   0.19095   0.05075   0.81748      5.983       0.608
  87   0.18130   0.04971   0.82718      6.305       0.553
  88   0.17168   0.04862   0.83686      6.647       0.677
  89   0.16209   0.04747   0.84652      7.016       0.657
  90   0.15253   0.04626   0.85615      7.396       0.721
  91   0.14301   0.04499   0.86576      7.797       0.736
  92   0.13352   0.04366   0.87534      8.223       0.813
  93   0.12409   0.04225   0.88488      8.683       0.871
  94   0.11470   0.04078   0.89438      9.168       0.911
  95   0.10539   0.03923   0.90381      9.703       1.067
  96   0.09617   0.03761   0.91318     10.285       1.105
  97   0.08706   0.03590   0.92245     10.928       1.313
  98   0.07809   0.03412   0.93159     11.646       1.427
  99   0.06932   0.03225   0.94056     12.444       1.681
 100   0.06082   0.03030   0.94928     13.362       1.996
 101   0.05271   0.02830   0.95764     14.392       2.304
 102   0.04512   0.02627   0.96550     15.560       2.888
 103   0.03821   0.02426   0.97269     16.885       3.539
 104   0.03210   0.02233   0.97910     18.383       4.621
 105   0.02683   0.02049   0.98468     20.079       5.982
 106   0.02235   0.01877   0.98948     21.930       7.489
 107   0.01857   0.01718   0.99358     23.992      10.047
 108   0.01537   0.01568   0.99711     26.226      12.074
 109   0.01266   0.01428   1.00016     28.682      16.029
 110   0.01035   0.01294   1.00283     31.364      19.038
 111   0.00837   0.01167   1.00519     34.309      24.522
 112   0.00666   0.01043   1.00730     37.609      30.052
 113   0.00519   0.00922   1.00920     41.242      36.635
 114   0.00393   0.00804   1.01093     45.351      46.545
 115   0.00286   0.00687   1.01251     49.961      55.294
 116   0.00197   0.00571   1.01397     55.177      68.788
 117   0.00124   0.00454   1.01535     61.131      82.296
 118   0.00069   0.00338   1.01664     67.881     100.949
 119   0.00030   0.00224   1.01784     75.010     106.328
 120   0.00008   0.00114   1.01896     82.087     113.457
 121   0.00000   0.00007   1.02004     89.558     128.656
 122   0.00006  -0.00101   1.02111     97.020     114.147
 123   0.00027  -0.00210   1.02223    104.155     108.698
 124   0.00063  -0.00324   1.02343    111.278      99.897
 125   0.00117  -0.00440   1.02470    118.069      85.783
 126   0.00188  -0.00557   1.02607    124.080      67.569
 127   0.00275  -0.00674   1.02753    129.294      57.077
 128   0.00380  -0.00792   1.02910    133.936      46.102
 129   0.00503  -0.00910   1.03082    137.984      36.341
 130   0.00647  -0.01032   1.03271    141.553      29.587
 131   0.00815  -0.01158   1.03480    144.835      25.062
 132   0.01011  -0.01288   1.03715    147.737      18.092
 133   0.01238  -0.01424   1.03980    150.339      16.178
 134   0.01505  -0.01568   1.04283    152.789      12.069
 135   0.01818  -0.01722   1.04632    154.994       9.967
 136   0.02189  -0.01886   1.05038    157.088       8.062
 137   0.02627  -0.02062   1.05510    159.033       6.327
 138   0.03140  -0.02249   1.06056    160.827       5.129
 139   0.03734  -0.02446   1.06682    162.477       4.076
 140   0.04405  -0.02648   1.07383    163.972       3.371
 141   0.05144  -0.02851   1.08149    165.310       2.724
 142   0.05938  -0.03050   1.08967    166.475       2.246
 143   0.06773  -0.03243   1.09824    167.490       1.890
 144   0.07638  -0.03427   1.10709    168.383       1.634
 145   0.08526  -0.03603   1.11614    169.163       1.373
 146   0.09431  -0.03771   1.12535    169.843       1.205
 147   0.10349  -0.03930   1.13466    170.459       1.103
 148   0.11277  -0.04081   1.14407    171.017       0.970
 149   0.12212  -0.04225   1.15353    171.534       0.937
 150   0.13154  -0.04361   1.16304    172.015       0.826
 151   0.14101  -0.04490   1.17260    172.456       0.784
 152   0.15052  -0.04613   1.18219    172.867       0.713
 153   0.16008  -0.04729   1.19182    173.252       0.683
 154   0.16967  -0.04839   1.20147    173.622       0.654
 155   0.17929  -0.04944   1.21114    173.969       0.599
 156   0.18892  -0.05043   1.22083    174.305       0.612
 157   0.19858  -0.05136   1.23054    174.632       0.565
 158   0.20826  -0.05224   1.24026    174.939       0.537
 159   0.21796  -0.05308   1.24999    175.242       0.549
 160   0.22767  -0.05386   1.25973    175.534       0.498
 161   0.23739  -0.05460   1.26948    175.820       0.527
 162   0.24711  -0.05528   1.27923    176.106       0.497
 163   0.25684  -0.05592   1.28898    176.392       0.524
 164   0.26657  -0.05651   1.29872    176.676       0.493
 165   0.27629  -0.05705   1.30846    176.973       0.573
 166   0.28600  -0.05754   1.31818    177.279       0.525
 167   0.29569  -0.05797   1.32788    177.603       0.639
 168   0.30536  -0.05835   1.33756    177.955       0.631
 169   0.31501  -0.05866   1.34721    178.324       0.703
 170   0.32464  -0.05891   1.35684    178.712       0.704
 171   0.33424  -0.05909   1.36645    179.125       0.796
 172   0.34383  -0.05920   1.37603    179.559       0.786
 173   0.35340  -0.05924   1.38560    180.001       0.825
 174   0.36296  -0.05920   1.39516    180.455       0.832
 175   0.37251  -0.05909   1.40471    180.914       0.846
 176   0.38205  -0.05889   1.41426    181.380       0.858
 177   0.39159  -0.05863   1.42380    181.851       0.863
 178   0.40113  -0.05828   1.43335    182.310       0.815
 179   0.41067  -0.05785   1.44290    182.769       0.861
 180   0.42023  -0.05736   1.45247    183.215       0.767
 181   0.42979  -0.05678   1.46205    183.649       0.816
 182   0.43936  -0.05613   1.47164    184.076       0.736
 183   0.44895  -0.05542   1.48126    184.477       0.722
 184   0.45855  -0.05463   1.49089    184.864       0.680
 185   0.46817  -0.05378   1.50055    185.230       0.640
 186   0.47782  -0.05287   1.51024    185.576       0.608
 187   0.48748  -0.05190   1.51994    185.899       0.551
 188   0.49716  -0.05087   1.52968    186.198       0.524
 189   0.50686  -0.04980   1.53944    186.475       0.466
 190   0.51659  -0.04867   1.54923    186.726       0.429
 191   0.52634  -0.04750   1.55905    186.955       0.382
 192   0.53611  -0.04629   1.56890    187.161       0.348
 193   0.54590  -0.04504   1.57877    187.340       0.287
 194   0.55571  -0.04377   1.58866    187.508       0.307
 195   0.56553  -0.04246   1.59857    187.660       0.228
 196   0.57538  -0.04112   1.60851    187.784       0.206
 197   0.58524  -0.03976   1.61846    187.897       0.192
 198   0.59511  -0.03839   1.62843    187.997       0.159
 199   0.60501  -0.03699   1.63842    188.078       0.121
 200   0.61491  -0.03558   1.64843    188.150       0.130
 201   0.62483  -0.03415   1.65845    188.207       0.069
 202   0.63476  -0.03271   1.66849    188.245       0.063
 203   0.64471  -0.03127   1.67854    188.274       0.037
 204   0.65466  -0.02982   1.68860    188.286       0.004
 205   0.66462  -0.02837   1.69866    188.284      -0.012
 206   0.67457  -0.02692   1.70872    188.269      -0.040
 207   0.68451  -0.02548   1.71876    188.232      -0.085
 208   0.69444  -0.02405   1.72879    188.187      -0.071
 209   0.70435  -0.02263   1.73880    188.123      -0.151
 210   0.71425  -0.02122   1.74880    188.041      -0.137
 211   0.72413  -0.01984   1.75877    187.953      -0.173
 212   0.73399  -0.01847   1.76873    187.839      -0.226
 213   0.74383  -0.01712   1.77866    187.708      -0.231
 214   0.75366  -0.01581   1.78858    187.561      -0.289
 215   0.76348  -0.01452   1.79848    187.403      -0.267
 216   0.77328  -0.01326   1.80837    187.203      -0.442
 217   0.78308  -0.01203   1.81824    187.138       0.215
 218   0.79286  -0.01084   1.82810    186.493      -2.503
 219   0.79799  -0.01023   1.83326    187.792      11.251
 220   0.80055  -0.00993   1.83584    183.749     -66.280
 221   0.80412  -0.00995   1.83941    178.163      11.349
 222   0.81127  -0.01001   1.84656    179.862      -3.104
 223   0.82108  -0.01013   1.85637    179.077       0.308
 224   0.83086  -0.01029   1.86615    178.971      -0.687
 225   0.84063  -0.01049   1.87592    178.655      -0.441
 226   0.85036  -0.01074   1.88566    178.375      -0.562
 227   0.86007  -0.01104   1.89537    178.055      -0.590
 228   0.86975  -0.01140   1.90505    177.715      -0.635
 229   0.87939  -0.01182   1.91471    177.347      -0.695
 230   0.88899  -0.01230   1.92432    176.948      -0.753
 231   0.89856  -0.01284   1.93390    176.516      -0.824
 232   0.90808  -0.01346   1.94344    176.056      -0.859
 233   0.91755  -0.01415   1.95293    175.562      -0.954
 234   0.92696  -0.01493   1.96238    175.031      -1.011
 235   0.93631  -0.01578   1.97177    174.465      -1.093
 236   0.94557  -0.01673   1.98108    173.851      -1.207
 237   0.95472  -0.01777   1.99028    173.185      -1.322
 238   0.96369  -0.01890   1.99933    172.479      -1.401
 239   0.97239  -0.02010   2.00811    171.772      -1.411
 240   0.98063  -0.02134   2.01645    171.092      -1.432
 241   0.98816  -0.02256   2.02407    170.498      -1.291
 242   0.99472  -0.02369   2.03073    169.964      -1.506
 243   0.99851  -0.02437   2.03458    169.632      -1.506