   1   0.99790   0.02443   0.00000     -4.983       0.906
   2   0.99404   0.02476   0.00387     -4.782       0.906
   3   0.98728   0.02530   0.01065     -4.505       0.517
   4   0.97939   0.02591   0.01856     -4.292       0.427
   5   0.97064   0.02655   0.02734     -4.078       0.424
   6   0.96135   0.02720   0.03665     -3.871       0.351
   7   0.95176   0.02783   0.04626     -3.685       0.324
   8   0.94202   0.02844   0.05603     -3.506       0.318
   9   0.93220   0.02903   0.06586     -3.333       0.294
  10   0.92235   0.02959   0.07573     -3.169       0.288
  11   0.91248   0.03012   0.08561     -3.009       0.277
  12   0.90259   0.03063   0.09551     -2.856       0.263
  13   0.89270   0.03111   0.10541     -2.698       0.294
  14   0.88280   0.03156   0.11533     -2.546       0.240
  15   0.87290   0.03199   0.12524     -2.403       0.262
  16   0.86299   0.03239   0.13515     -2.255       0.260
  17   0.85308   0.03277   0.14507     -2.109       0.256
  18   0.84317   0.03312   0.15498     -1.954       0.291
  19   0.83326   0.03345   0.16490     -1.858       0.044
  20   0.82336   0.03375   0.17481     -1.533       1.100
  21   0.81345   0.03402   0.18472     -2.020      -2.820
  22   0.80641   0.03420   0.19176      0.243      13.957
  23   0.80289   0.03429   0.19528     -6.043     -76.618
  24   0.80123   0.03453   0.19696     -9.055      13.631
  25   0.79791   0.03501   0.20032     -7.893      -1.578
  26   0.78811   0.03641   0.21021     -8.116       0.790
  27   0.77832   0.03777   0.22010     -7.842       0.177
  28   0.76852   0.03911   0.22999     -7.700       0.325
  29   0.75872   0.04042   0.23987     -7.522       0.302
  30   0.74892   0.04170   0.24976     -7.349       0.310
  31   0.73912   0.04295   0.25963     -7.167       0.332
  32   0.72933   0.04416   0.26951     -6.986       0.307
  33   0.71953   0.04535   0.27938     -6.800       0.350
  34   0.70973   0.04650   0.28924     -6.611       0.320
  35   0.69993   0.04762   0.29911     -6.424       0.344
  36   0.69012   0.04871   0.30897     -6.234       0.328
  37   0.68032   0.04976   0.31883     -6.037       0.368
  38   0.67052   0.05078   0.32868     -5.838       0.337
  39   0.66072   0.05177   0.33853     -5.639       0.371
  40   0.65093   0.05271   0.34837     -5.426       0.385
  41   0.64113   0.05363   0.35821     -5.214       0.366
  42   0.63134   0.05450   0.36804     -4.997       0.404
  43   0.62156   0.05534   0.37786     -4.770       0.403
  44   0.61178   0.05613   0.38767     -4.536       0.431
  45   0.60201   0.05689   0.39747     -4.287       0.458
  46   0.59224   0.05760   0.40726     -4.033       0.447
  47   0.58249   0.05826   0.41704     -3.774       0.475
  48   0.57274   0.05888   0.42681     -3.499       0.511
  49   0.56299   0.05946   0.43658     -3.219       0.487
  50   0.55324   0.05998   0.44634     -2.945       0.496
  51   0.54348   0.06046   0.45611     -2.667       0.498
  52   0.53373   0.06089   0.46587     -2.392       0.484
  53   0.52396   0.06128   0.47565     -2.125       0.469
  54   0.51419   0.06162   0.48542     -1.859       0.482
  55   0.50441   0.06191   0.49521     -1.602       0.436
  56   0.49463   0.06216   0.50499     -1.345       0.480
  57   0.48483   0.06237   0.51479     -1.095       0.409
  58   0.47503   0.06254   0.52459     -0.852       0.457
  59   0.46522   0.06266   0.53440     -0.614       0.392
  60   0.45541   0.06275   0.54422     -0.388       0.411
  61   0.44558   0.06279   0.55404     -0.162       0.393
  62   0.43575   0.06280   0.56387      0.056       0.379
  63   0.42592   0.06278   0.57371      0.271       0.385
  64   0.41608   0.06271   0.58355      0.485       0.373
  65   0.40624   0.06261   0.59339      0.689       0.350
  66   0.39640   0.06247   0.60323      0.899       0.394
  67   0.38656   0.06230   0.61307      1.113       0.367
  68   0.37672   0.06209   0.62291      1.321       0.370
  69   0.36689   0.06185   0.63274      1.534       0.386
  70   0.35706   0.06157   0.64258      1.751       0.384
  71   0.34723   0.06125   0.65241      1.966       0.379
  72   0.33741   0.06089   0.66224      2.187       0.406
  73   0.32759   0.06050   0.67207      2.404       0.364
  74   0.31777   0.06007   0.68189      2.632       0.445
  75   0.30796   0.05959   0.69172      2.857       0.355
  76   0.29815   0.05909   0.70154      3.081       0.442
  77   0.28835   0.05854   0.71136      3.312       0.380
  78   0.27856   0.05795   0.72117      3.539       0.427
  79   0.26877   0.05733   0.73098      3.781       0.435
  80   0.25899   0.05666   0.74077      4.027       0.440
  81   0.24923   0.05595   0.75056      4.284       0.476
  82   0.23948   0.05520   0.76034      4.547       0.463
  83   0.22974   0.05440   0.77011      4.812       0.485
  84   0.22002   0.05356   0.77988      5.084       0.488
  85   0.21031   0.05267   0.78963      5.373       0.548
  86   0.20062   0.05173   0.79936      5.670       0.515
  87   0.19095   0.05075   0.80908      5.983       0.608
  88   0.18130   0.04971   0.81878      6.305       0.553
  89   0.17168   0.04862   0.82847      6.647       0.677
  90   0.16209   0.04747   0.83812      7.016       0.657
  91   0.15253   0.04626   0.84776      7.396       0.721
  92   0.14301   0.04499   0.85737      7.797       0.736
  93   0.13352   0.04366   0.86694      8.223       0.813
  94   0.12409   0.04225   0.87648      8.683       0.871
  95   0.11470   0.04078   0.88598      9.168       0.911
  96   0.10539   0.03923   0.89542      9.703       1.067
  97   0.09617   0.03761   0.90478     10.285       1.105
  98   0.08706   0.03590   0.91405     10.928       1.313
  99   0.07809   0.03412   0.92320     11.646       1.427
 100   0.06932   0.03225   0.93217     12.444       1.681
 101   0.06082   0.03030   0.94089     13.362       1.996
 102   0.05271   0.02830   0.94925     14.392       2.304
 103   0.04512   0.02627   0.95710     15.560       2.888
 104   0.03821   0.02426   0.96429     16.885       3.539
 105   0.03210   0.02233   0.97070     18.383       4.621
 106   0.02683   0.02049   0.97628     20.079       5.982
 107   0.02235   0.01877   0.98108     21.930       7.489
 108   0.01857   0.01718   0.98519     23.992      10.047
 109   0.01537   0.01568   0.98871     26.226      12.074
 110   0.01266   0.01428   0.99176     28.682      16.028
 111   0.01035   0.01294   0.99443     31.364      19.038
 112   0.00837   0.01167   0.99679     34.309      24.522
 113   0.00666   0.01043   0.99890     37.609      30.052
 114   0.00519   0.00922   1.00081     41.242      36.635
 115   0.00393   0.00804   1.00253     45.351      46.545
 116   0.00286   0.00687   1.00411     49.961      55.294
 117   0.00197   0.00571   1.00558     55.177      68.788
 118   0.00124   0.00454   1.00695     61.131      82.296
 119   0.00069   0.00338   1.00824     67.881     100.949
 120   0.00030   0.00224   1.00944     75.010     106.328
 121   0.00008   0.00114   1.01057     82.087     113.457
 122   0.00000   0.00007   1.01165     89.558     128.656
 123   0.00006  -0.00101   1.01272     97.020     114.147
 124   0.00027  -0.00210   1.01384    104.155     108.698
 125   0.00063  -0.00324   1.01503    111.278      99.897
 126   0.00117  -0.00440   1.01631    118.069      85.783
 127   0.00188  -0.00557   1.01768    124.080      67.569
 128   0.00275  -0.00674   1.01914    129.294      57.077
 129   0.00380  -0.00792   1.02071    133.936      46.102
 130   0.00503  -0.00910   1.02242    137.984      36.341
 131   0.00647  -0.01032   1.02431    141.553      29.587
 132   0.00815  -0.01158   1.02641    144.835      25.062
 133   0.01011  -0.01288   1.02876    147.737      18.092
 134   0.01238  -0.01424   1.03141    150.339      16.178
 135   0.01505  -0.01568   1.03444    152.789      12.069
 136   0.01818  -0.01722   1.03793    154.994       9.967
 137   0.02189  -0.01886   1.04198    157.088       8.062
 138   0.02627  -0.02062   1.04670    159.033       6.327
 139   0.03140  -0.02249   1.05217    160.827       5.129
 140   0.03734  -0.02446   1.05843    162.477       4.076
 141   0.04405  -0.02648   1.06543    163.972       3.371
 142   0.05144  -0.02851   1.07309    165.310       2.724
 143   0.05938  -0.03050   1.08127    166.475       2.246
 144   0.06773  -0.03243   1.08984    167.490       1.890
 145   0.07638  -0.03427   1.09869    168.383       1.634
 146   0.08526  -0.03603   1.10775    169.163       1.373
 147   0.09431  -0.03771   1.11695    169.843       1.205
 148   0.10349  -0.03930   1.12627    170.459       1.103
 149   0.11277  -0.04081   1.13567    171.017       0.970
 150   0.12212  -0.04225   1.14513    171.534       0.937
 151   0.13154  -0.04361   1.15464    172.015       0.826
 152   0.14101  -0.04490   1.16420    172.456       0.784
 153   0.15052  -0.04613   1.17380    172.867       0.713
 154   0.16008  -0.04729   1.18342    173.252       0.683
 155   0.16967  -0.04839   1.19308    173.622       0.654
 156   0.17929  -0.04944   1.20275    173.969       0.599
 157   0.18892  -0.05043   1.21244    174.305       0.612
 158   0.19858  -0.05136   1.22214    174.632       0.565
 159   0.20826  -0.05224   1.23186    174.939       0.537
 160   0.21796  -0.05308   1.24159    175.242       0.549
 161   0.22767  -0.05386   1.25133    175.534       0.498
 162   0.23739  -0.05460   1.26108    175.820       0.527
 163   0.24711  -0.05528   1.27083    176.106       0.497
 164   0.25684  -0.05592   1.28058    176.392       0.524
 165   0.26657  -0.05651   1.29033    176.676       0.493
 166   0.27629  -0.05705   1.30006    176.973       0.573
 167   0.28600  -0.05754   1.30978    177.279       0.525
 168   0.29569  -0.05797   1.31948    177.603       0.639
 169   0.30536  -0.05835   1.32916    177.955       0.631
 170   0.31501  -0.05866   1.33882    178.324       0.703
 171   0.32464  -0.05891   1.34845    178.712       0.704
 172   0.33424  -0.05909   1.35805    179.125       0.796
 173   0.34383  -0.05920   1.36764    179.559       0.786
 174   0.35340  -0.05924   1.37721    180.001       0.825
 175   0.36296  -0.05920   1.38677    180.455       0.832
 176   0.37251  -0.05909   1.39632    180.914       0.846
 177   0.38205  -0.05889   1.40586    181.380       0.858
 178   0.39159  -0.05863   1.41541    181.851       0.863
 179   0.40113  -0.05828   1.42495    182.310       0.815
 180   0.41067  -0.05785   1.43451    182.769       0.861
 181   0.42023  -0.05736   1.44407    183.215       0.767
 182   0.42979  -0.05678   1.45365    183.649       0.816
 183   0.43936  -0.05613   1.46325    184.076       0.736
 184   0.44895  -0.05542   1.47286    184.477       0.722
 185   0.45855  -0.05463   1.48250    184.864       0.680
 186   0.46817  -0.05378   1.49216    185.230       0.640
 187   0.47782  -0.05287   1.50184    185.576       0.608
 188   0.48748  -0.05190   1.51155    185.899       0.551
 189   0.49716  -0.05087   1.52128    186.198       0.524
 190   0.50686  -0.04980   1.53105    186.475       0.466
 191   0.51659  -0.04867   1.54084    186.726       0.429
 192   0.52634  -0.04750   1.55066    186.955       0.382
 193   0.53611  -0.04629   1.56051    187.161       0.348
 194   0.54590  -0.04504   1.57037    187.340       0.287
 195   0.55571  -0.04377   1.58027    187.508       0.307
 196   0.56553  -0.04246   1.59018    187.660       0.228
 197   0.57538  -0.04112   1.60011    187.784       0.206
 198   0.58524  -0.03976   1.61007    187.897       0.192
 199   0.59511  -0.03839   1.62004    187.997       0.159
 200   0.60501  -0.03699   1.63003    188.078       0.121
 201   0.61491  -0.03558   1.64003    188.150       0.130
 202   0.62483  -0.03415   1.65005    188.207       0.069
 203   0.63476  -0.03271   1.66009    188.245       0.063
 204   0.64471  -0.03127   1.67014    188.274       0.037
 205   0.65466  -0.02982   1.68020    188.286       0.004
 206   0.66462  -0.02837   1.69026    188.284      -0.012
 207   0.67457  -0.02692   1.70032    188.269      -0.040
 208   0.68451  -0.02548   1.71037    188.232      -0.085
 209   0.69444  -0.02405   1.72040    188.187      -0.072
 210   0.70435  -0.02263   1.73041    188.123      -0.151
 211   0.71425  -0.02122   1.74040    188.041      -0.137
 212   0.72413  -0.01984   1.75038    187.953      -0.172
 213   0.73399  -0.01847   1.76033    187.838      -0.229
 214   0.74383  -0.01712   1.77027    187.710      -0.223
 215   0.75366  -0.01581   1.78019    187.556      -0.320
 216   0.76348  -0.01452   1.79009    187.422      -0.150
 217   0.77328  -0.01326   1.79997    187.131      -0.878
 218   0.78308  -0.01203   1.80984    187.404       1.843
 219   0.79286  -0.01084   1.81970    185.505      -8.530
 220   0.80175  -0.00977   1.82866    191.855      33.388
 221   0.80380  -0.00929   1.83076    193.786      -1.237
 222   0.81336  -0.00699   1.84059    193.388      -0.177
 223   0.82290  -0.00473   1.85040    193.204      -0.476
 224   0.83244  -0.00251   1.86018    192.937      -0.477
 225   0.84196  -0.00035   1.86995    192.664      -0.498
 226   0.85146   0.00176   1.87969    192.373      -0.547
 227   0.86096   0.00382   1.88940    192.055      -0.594
 228   0.87043   0.00581   1.89908    191.715      -0.634
 229   0.87989   0.00774   1.90874    191.347      -0.695
 230   0.88932   0.00960   1.91835    190.948      -0.753
 231   0.89874   0.01138   1.92793    190.516      -0.824
 232   0.90812   0.01309   1.93747    190.055      -0.859
 233   0.91748   0.01471   1.94696    189.562      -0.954
 234   0.92680   0.01623   1.95641    189.031      -1.011
 235   0.93608   0.01766   1.96580    188.465      -1.092
 236   0.94530   0.01898   1.97511    187.851      -1.208
 237   0.95442   0.02019   1.98431    187.185      -1.322
 238   0.96340   0.02126   1.99336    186.479      -1.402
 239   0.97213   0.02220   2.00214    185.772      -1.411
 240   0.98043   0.02299   2.01048    185.092      -1.433
 241   0.98803   0.02363   2.01810    184.498      -1.290
 242   0.99467   0.02412   2.02476    183.964      -1.506
 243   0.99851   0.02437   2.02861    183.632      -1.506