  -20.000  -1.4071   0.03592   0.03253  -0.0907   0.8502   0.0028
 -19.000  -1.3806   0.02867   0.02512  -0.0932   0.8501   0.0028
 -18.000  -1.3348   0.02319   0.01950  -0.0954   0.8500   0.0029
 -17.000  -1.2705   0.01897   0.01518  -0.0982   0.8499   0.0029
 -16.000  -1.1750   0.01514   0.01124  -0.1061   0.8499   0.0034
 -15.000  -1.0649   0.01280   0.00883  -0.1125   0.8500   0.0038
 -14.000  -0.9544   0.01130   0.00730  -0.1164   0.8501   0.0040
 -13.000  -0.8421   0.00988   0.00585  -0.1201   0.8502   0.0050
 -12.000  -0.7278   0.00883   0.00479  -0.1233   0.8503   0.0056
 -10.000  -0.4960   0.00712   0.00311  -0.1293   0.8502   0.0085
  -9.000  -0.3790   0.00642   0.00246  -0.1320   0.8498   0.0121
  -8.000  -0.2614   0.00583   0.00193  -0.1346   0.8495   0.0183
  -7.000  -0.1435   0.00529   0.00149  -0.1371   0.8492   0.0319
  -6.000  -0.0251   0.00475   0.00112  -0.1396   0.8488   0.0681
  -5.000   0.0937   0.00412   0.00079  -0.1421   0.8480   0.1574
  -4.000   0.2128   0.00325   0.00045  -0.1449   0.8434   0.3426
  -3.000   0.3308   0.00282   0.00028  -0.1469   0.8274   0.4463
  -2.000   0.4281   0.00404   0.00066  -0.1444   0.5649   0.4771
  -1.000   0.5268   0.00535   0.00112  -0.1424   0.2935   0.5031
   0.000   0.6320   0.00636   0.00153  -0.1416   0.1138   0.5136 
   1.000   0.7411   0.00702   0.00193  -0.1413   0.0435   0.5238
   2.000   0.8509   0.00756   0.00235  -0.1412   0.0234   0.5342
   3.000   0.9600   0.00811   0.00284  -0.1408   0.0148   0.5452
   4.000   1.0676   0.00874   0.00342  -0.1402   0.0102   0.5566
   5.000   1.1735   0.00942   0.00409  -0.1393   0.0080   0.5696
   6.000   1.2775   0.01021   0.00488  -0.1380   0.0063   0.5837
   7.000   1.3786   0.01114   0.00582  -0.1361   0.0051   0.5981
   8.000   1.4774   0.01210   0.00681  -0.1339   0.0046   0.6149
   9.000   1.5709   0.01336   0.00813  -0.1307   0.0037   0.6321
  10.000   1.6618   0.01458   0.00942  -0.1271   0.0036   0.6510
  11.000   1.7405   0.01600   0.01092  -0.1212   0.0033   0.6694
  12.000   1.8107   0.01789   0.01292  -0.1141   0.0029   0.6888
  13.000   1.8743   0.02007   0.01524  -0.1063   0.0027   0.7069
  14.000   1.9330   0.02248   0.01779  -0.0983   0.0026   0.7250
  15.000   1.9821   0.02553   0.02101  -0.0896   0.0026   0.7411
  16.000   2.0208   0.02938   0.02504  -0.0803   0.0025   0.7544
  17.000   2.0452   0.03441   0.03027  -0.0706   0.0023   0.7657
  18.000   2.0561   0.04106   0.03715  -0.0614   0.0023   0.7743
  19.000   2.0473   0.05096   0.04732  -0.0545   0.0021   0.7813
  20.000   2.0170   0.06555   0.06225  -0.0520   0.0020   0.7856
  21.000   1.9567   0.08698   0.08406  -0.0565   0.0020   0.7890
  22.000   1.7980   0.13029   0.12801  -0.0805   0.0018   0.7899
