 -20.000  -1.7415   0.06467   0.06139  -0.0103   0.8076   0.0022
 -19.000  -1.7661   0.05047   0.04693  -0.0130   0.8064   0.0023
 -18.000  -1.7692   0.03977   0.03599  -0.0134   0.8049   0.0024
 -17.000  -1.7540   0.03174   0.02776  -0.0120   0.8032   0.0024
 -16.000  -1.7237   0.02593   0.02178  -0.0088   0.8013   0.0025
 -15.000  -1.6821   0.02185   0.01756  -0.0039   0.7995   0.0026
 -14.000  -1.6294   0.01880   0.01440   0.0013   0.7972   0.0026
 -13.000  -1.5700   0.01627   0.01175   0.0070   0.7937   0.0029
 -12.000  -1.4883   0.01440   0.00981   0.0101   0.7895   0.0033
 -11.000  -1.3961   0.01294   0.00831   0.0119   0.7857   0.0035
 -10.000  -1.2991   0.01159   0.00692   0.0132   0.7797   0.0041
  -9.000  -1.1971   0.01047   0.00578   0.0138   0.7737   0.0047
  -8.000  -1.0928   0.00947   0.00477   0.0142   0.7662   0.0058
  -7.000  -0.9858   0.00863   0.00393   0.0142   0.7570   0.0069
  -6.000  -0.8768   0.00788   0.00319   0.0140   0.7465   0.0091
  -5.000  -0.7661   0.00726   0.00258   0.0136   0.7343   0.0121
  -4.000  -0.6545   0.00668   0.00205   0.0130   0.7206   0.0201
  -3.000  -0.5421   0.00616   0.00160   0.0124   0.7028   0.0366
  -2.000  -0.4294   0.00560   0.00121   0.0117   0.6831   0.0857
  -1.000  -0.3174   0.00484   0.00083   0.0110   0.6594   0.2116
   0.000  -0.2076   0.00374   0.00043   0.0106   0.6288   0.4441
   1.000  -0.0934   0.00367   0.00037   0.0097   0.5694   0.4989
   2.000   0.0182   0.00420   0.00047   0.0092   0.3875   0.5317
   3.000   0.1302   0.00491   0.00068   0.0085   0.2046   0.5438
   4.000   0.2430   0.00554   0.00095   0.0077   0.0807   0.5567
   5.000   0.3569   0.00598   0.00125   0.0068   0.0361   0.5721
   6.000   0.4708   0.00639   0.00160   0.0058   0.0208   0.5893
   7.000   0.5842   0.00684   0.00203   0.0049   0.0134   0.6094
   8.000   0.6971   0.00732   0.00254   0.0040   0.0103   0.6337
   9.000   0.8091   0.00790   0.00315   0.0032   0.0081   0.6638
  10.000   0.9199   0.00855   0.00389   0.0024   0.0066   0.7077
  11.000   1.0291   0.00919   0.00479   0.0017   0.0054   0.8251
  12.000   1.1366   0.01018   0.00579   0.0013   0.0047   0.8333
  13.000   1.2416   0.01136   0.00701   0.0011   0.0041   0.8389
  14.000   1.3445   0.01264   0.00832   0.0011   0.0037   0.8414
  15.000   1.4420   0.01434   0.01008   0.0017   0.0032   0.8427
  17.000   1.6214   0.01820   0.01414   0.0042   0.0029   0.8467
  18.000   1.6939   0.02070   0.01677   0.0072   0.0028   0.8486
  19.000   1.7344   0.02446   0.02070   0.0125   0.0027   0.8513
  20.000   1.7620   0.03071   0.02715   0.0144   0.0026   0.8519
  21.000   1.7661   0.03976   0.03643   0.0151   0.0025   0.8520
  22.000   1.7360   0.05421   0.05119   0.0118   0.0024   0.8521
  23.000   1.6605   0.07916   0.07655  -0.0003   0.0024   0.8521
