   0.98742  0.47456
   0.98413  0.25730
   0.97836  0.15906
   0.97160  0.08165
   0.96410  0.01223
   0.95611 -0.05269
   0.94785 -0.11601
   0.93945 -0.17592
   0.93097 -0.23356
   0.92245 -0.29440
   0.91389 -0.35490
   0.90531 -0.41739
   0.89672 -0.48206
   0.88810 -0.55095
   0.87947 -0.62535
   0.87083 -0.70732
   0.86217 -0.80011
   0.85350 -0.90484
   0.84482 -1.03714
   0.83613 -1.20406
   0.82743 -1.43929
   0.81872 -1.91856
   0.81451 -2.76075
   0.81079 -3.01158
   0.80694 -2.76167
   0.79791 -1.76970
   0.78811 -1.57146
   0.77832 -1.43248
   0.76852 -1.35065
   0.75872 -1.29029
   0.74892 -1.25049
   0.73912 -1.21722
   0.72933 -1.19531
   0.71953 -1.17612
   0.70973 -1.16044
   0.69993 -1.15141
   0.69012 -1.14324
   0.68032 -1.13740
   0.67052 -1.13343
   0.66072 -1.13134
   0.65093 -1.13020
   0.64113 -1.13073
   0.63134 -1.13255
   0.62156 -1.13396
   0.61178 -1.13718
   0.60201 -1.14169
   0.59224 -1.14362
   0.58249 -1.14786
   0.57274 -1.15184
   0.56299 -1.15332
   0.55324 -1.15650
   0.54348 -1.15782
   0.53373 -1.15847
   0.52396 -1.15963
   0.51419 -1.16084
   0.50441 -1.16074
   0.49463 -1.16191
   0.48483 -1.16118
   0.47503 -1.16243
   0.46522 -1.16185
   0.45541 -1.16324
   0.44558 -1.16388
   0.43575 -1.16481
   0.42592 -1.16704
   0.41608 -1.16871
   0.40624 -1.17127
   0.39640 -1.17494
   0.38656 -1.17903
   0.37672 -1.18274
   0.36689 -1.18816
   0.35706 -1.19303
   0.34723 -1.19845
   0.33741 -1.20489
   0.32759 -1.21094
   0.31777 -1.21918
   0.30796 -1.22538
   0.29815 -1.23420
   0.28835 -1.24232
   0.27856 -1.25309
   0.26877 -1.26359
   0.25899 -1.27537
   0.24923 -1.28857
   0.23948 -1.30105
   0.22974 -1.31604
   0.22002 -1.33106
   0.21031 -1.34911
   0.20062 -1.36715
   0.19095 -1.38846
   0.18130 -1.40904
   0.17168 -1.43539
   0.16209 -1.46068
   0.15253 -1.48957
   0.14301 -1.52135
   0.13352 -1.55793
   0.12409 -1.59686
   0.11470 -1.64227
   0.10539 -1.69442
   0.09617 -1.75303
   0.08706 -1.82135
   0.07809 -1.90124
   0.06932 -1.99574
   0.06082 -2.10830
   0.05271 -2.23924
   0.04512 -2.39981
   0.03821 -2.58638
   0.03210 -2.80856
   0.02683 -3.05429
   0.02235 -3.32738
   0.01857 -3.62750
   0.01537 -3.93472
   0.01266 -4.27976
   0.01035 -4.62632
   0.00837 -5.00335
   0.00666 -5.38189
   0.00519 -5.77965
   0.00393 -6.18149
   0.00286 -6.54370
   0.00197 -6.87393
   0.00124 -7.09738
   0.00069 -7.17200
   0.00030 -6.90347
   0.00008 -6.46143
   0.00000 -5.87365
   0.00006 -4.96192
   0.00027 -4.00588
   0.00063 -3.05210
   0.00117 -2.11631
   0.00188 -1.31587
   0.00275 -0.67796
   0.00380 -0.19700
   0.00503  0.18006
   0.00647  0.45615
   0.00815  0.65728
   0.01011  0.80049
   0.01238  0.89761
   0.01505  0.95822
   0.01818  0.99052
   0.02189  1.00000
   0.02627  0.99130
   0.03140  0.96898
   0.03734  0.93624
   0.04405  0.89810
   0.05144  0.85714
   0.05938  0.81625
   0.06773  0.77715
   0.07638  0.74032
   0.08526  0.70641
   0.09431  0.67465
   0.10349  0.64584
   0.11277  0.61901
   0.12212  0.59415
   0.13154  0.57117
   0.14101  0.55010
   0.15052  0.53061
   0.16008  0.51189
   0.16967  0.49490
   0.17929  0.47858
   0.18892  0.46325
   0.19858  0.44906
   0.20826  0.43561
   0.21796  0.42270
   0.22767  0.41035
   0.23739  0.39861
   0.24711  0.38734
   0.25684  0.37616
   0.26657  0.36619
   0.27629  0.35471
   0.28600  0.34582
   0.29569  0.33501
   0.30536  0.32633
   0.31501  0.31730
   0.32464  0.30902
   0.33424  0.30231
   0.34383  0.29488
   0.35340  0.29031
   0.36296  0.28564
   0.37251  0.28192
   0.38205  0.28003
   0.39159  0.27925
   0.40113  0.27827
   0.41067  0.28029
   0.42023  0.28161
   0.42979  0.28509
   0.43936  0.28919
   0.44895  0.29366
   0.45855  0.29984
   0.46817  0.30576
   0.47782  0.31310
   0.48748  0.32079
   0.49716  0.32885
   0.50686  0.33784
   0.51659  0.34651
   0.52634  0.35592
   0.53611  0.36532
   0.54590  0.37548
   0.55571  0.38502
   0.56553  0.39516
   0.57538  0.40573
   0.58524  0.41564
   0.59511  0.42659
   0.60501  0.43703
   0.61491  0.44834
   0.62483  0.45948
   0.63476  0.47079
   0.64471  0.48257
   0.65466  0.49448
   0.66462  0.50720
   0.67457  0.51989
   0.68451  0.53269
   0.69444  0.54664
   0.70435  0.56105
   0.71425  0.57501
   0.72413  0.59151
   0.73399  0.60807
   0.74383  0.62595
   0.75366  0.64612
   0.76348  0.66864
   0.77328  0.69555
   0.78308  0.72907
   0.79286  0.78463
   0.79723  0.82785
   0.79942  0.91214
   0.80252  0.81287
   0.80873  0.76543
   0.81826  0.72172
   0.82776  0.69415
   0.83722  0.67194
   0.84665  0.65408
   0.85605  0.63779
   0.86539  0.62487
   0.87470  0.61117
   0.88395  0.60073
   0.89314  0.58845
   0.90228  0.57820
   0.91135  0.56653
   0.92035  0.55579
   0.92927  0.54487
   0.93808  0.53079
   0.94675  0.51760
   0.95524  0.50249
   0.96345  0.48342
   0.97120  0.46157
   0.97826  0.43650
   0.98440  0.42673
   0.98794  0.47456
