   0.97275  0.53479
   0.96987  0.31333
   0.96480  0.20881
   0.95886  0.12282
   0.95226  0.03749
   0.94523 -0.03969
   0.93795 -0.11854
   0.93054 -0.19495
   0.92305 -0.27464
   0.91552 -0.35314
   0.90795 -0.43420
   0.90036 -0.52213
   0.89275 -0.61375
   0.88512 -0.71053
   0.87747 -0.82284
   0.86980 -0.94244
   0.86211 -1.08333
   0.85441 -1.24903
   0.84669 -1.45244
   0.83896 -1.72352
   0.83122 -2.11077
   0.82346 -2.88658
   0.81949 -4.25006
   0.81563 -4.82165
   0.81150 -4.91759
   0.80718 -4.36654
   0.79791 -2.74274
   0.78811 -2.38978
   0.77832 -2.14743
   0.76852 -1.99971
   0.75872 -1.88996
   0.74892 -1.81388
   0.73912 -1.75104
   0.72933 -1.70554
   0.71953 -1.66634
   0.70973 -1.63348
   0.69993 -1.61073
   0.69012 -1.59007
   0.68032 -1.57355
   0.67052 -1.56023
   0.66072 -1.54989
   0.65093 -1.54150
   0.64113 -1.53579
   0.63134 -1.53239
   0.62156 -1.52821
   0.61178 -1.52731
   0.60201 -1.52841
   0.59224 -1.52604
   0.58249 -1.52726
   0.57274 -1.52848
   0.56299 -1.52698
   0.55324 -1.52790
   0.54348 -1.52667
   0.53373 -1.52484
   0.52396 -1.52369
   0.51419 -1.52364
   0.50441 -1.52139
   0.49463 -1.52117
   0.48483 -1.51884
   0.47503 -1.51888
   0.46522 -1.51750
   0.45541 -1.51762
   0.44558 -1.51807
   0.43575 -1.51835
   0.42592 -1.52079
   0.41608 -1.52206
   0.40624 -1.52520
   0.39640 -1.53019
   0.38656 -1.53389
   0.37672 -1.53950
   0.36689 -1.54593
   0.35706 -1.55290
   0.34723 -1.55917
   0.33741 -1.56845
   0.32759 -1.57697
   0.31777 -1.58742
   0.30796 -1.59587
   0.29815 -1.60962
   0.28835 -1.62032
   0.27856 -1.63541
   0.26877 -1.65035
   0.25899 -1.66613
   0.24923 -1.68591
   0.23948 -1.70312
   0.22974 -1.72476
   0.22002 -1.74701
   0.21031 -1.77281
   0.20062 -1.79870
   0.19095 -1.82916
   0.18130 -1.86095
   0.17168 -1.89704
   0.16209 -1.93623
   0.15253 -1.97910
   0.14301 -2.02483
   0.13352 -2.07861
   0.12409 -2.13882
   0.11470 -2.20430
   0.10539 -2.28434
   0.09617 -2.37030
   0.08706 -2.47562
   0.07809 -2.59387
   0.06932 -2.73766
   0.06082 -2.90730
   0.05271 -3.10879
   0.04512 -3.35515
   0.03821 -3.64198
   0.03210 -3.98243
   0.02683 -4.37105
   0.02235 -4.79760
   0.01857 -5.27586
   0.01537 -5.77761
   0.01266 -6.33957
   0.01035 -6.92072
   0.00837 -7.56465
   0.00666 -8.23708
   0.00519 -8.94516
   0.00393 -9.70703
   0.00286-10.41355
   0.00197-11.15144
   0.00124-11.72388
   0.00069-12.10770
   0.00030-11.97373
   0.00008-11.54124
   0.00000-10.86724
   0.00006 -9.58671
   0.00027 -8.18927
   0.00063 -6.70543
   0.00117 -5.21416
   0.00188 -3.83710
   0.00275 -2.73998
   0.00380 -1.84383
   0.00503 -1.12364
   0.00647 -0.56692
   0.00815 -0.13012
   0.01011  0.20524
   0.01238  0.46116
   0.01505  0.65374
   0.01818  0.79342
   0.02189  0.89091
   0.02627  0.95364
   0.03140  0.98814
   0.03734  0.99981
   0.04405  0.99482
   0.05144  0.97861
   0.05938  0.95569
   0.06773  0.92910
   0.07638  0.90136
   0.08526  0.87408
   0.09431  0.84715
   0.10349  0.82135
   0.11277  0.79707
   0.12212  0.77370
   0.13154  0.75234
   0.14101  0.73189
   0.15052  0.71262
   0.16008  0.69458
   0.16967  0.67745
   0.17929  0.66166
   0.18892  0.64608
   0.19858  0.63212
   0.20826  0.61834
   0.21796  0.60515
   0.22767  0.59358
   0.23739  0.58124
   0.24711  0.57051
   0.25684  0.55955
   0.26657  0.54934
   0.27629  0.53897
   0.28600  0.52961
   0.29569  0.52005
   0.30536  0.51147
   0.31501  0.50273
   0.32464  0.49552
   0.33424  0.48871
   0.34383  0.48188
   0.35340  0.47724
   0.36296  0.47276
   0.37251  0.46877
   0.38205  0.46657
   0.39159  0.46573
   0.40113  0.46368
   0.41067  0.46507
   0.42023  0.46569
   0.42979  0.46802
   0.43936  0.47110
   0.44895  0.47416
   0.45855  0.47937
   0.46817  0.48350
   0.47782  0.48973
   0.48748  0.49552
   0.49716  0.50254
   0.50686  0.50973
   0.51659  0.51682
   0.52634  0.52492
   0.53611  0.53275
   0.54590  0.54131
   0.55571  0.54973
   0.56553  0.55840
   0.57538  0.56767
   0.58524  0.57642
   0.59511  0.58611
   0.60501  0.59546
   0.61491  0.60567
   0.62483  0.61583
   0.63476  0.62600
   0.64471  0.63676
   0.65466  0.64783
   0.66462  0.65961
   0.67457  0.67127
   0.68451  0.68326
   0.69444  0.69633
   0.70435  0.70973
   0.71425  0.72280
   0.72413  0.73830
   0.73399  0.75370
   0.74383  0.77024
   0.75366  0.78886
   0.76348  0.80932
   0.77328  0.83333
   0.78308  0.86208
   0.79286  0.90733
   0.79663  0.93574
   0.79851  0.97751
   0.80116  0.92533
   0.80646  0.89108
   0.81545  0.85353
   0.82439  0.82766
   0.83330  0.80531
   0.84216  0.78736
   0.85098  0.76968
   0.85975  0.75472
   0.86846  0.74023
   0.87712  0.72610
   0.88570  0.71243
   0.89423  0.69868
   0.90267  0.68603
   0.91104  0.67096
   0.91931  0.65756
   0.92746  0.64186
   0.93547  0.62537
   0.94329  0.60631
   0.95083  0.58387
   0.95793  0.55765
   0.96438  0.52685
   0.96998  0.50773
   0.97320  0.53479
