   0.99639  0.45989
   0.99280  0.21721
   0.98650  0.13812
   0.97913  0.07509
   0.97095  0.02118
   0.96225 -0.02524
   0.95326 -0.07046
   0.94413 -0.11196
   0.93491 -0.15187
   0.92565 -0.19053
   0.91637 -0.22874
   0.90706 -0.26670
   0.89774 -0.30677
   0.88841 -0.34584
   0.87906 -0.38785
   0.86971 -0.43317
   0.86034 -0.48152
   0.85097 -0.53649
   0.84159 -0.60096
   0.83220 -0.68129
   0.82281 -0.79062
   0.81342 -1.00632
   0.80936 -1.41096
   0.80645 -1.37704
   0.79791 -0.92496
   0.78811 -0.85084
   0.77832 -0.79684
   0.76852 -0.76888
   0.75872 -0.74902
   0.74892 -0.73863
   0.73912 -0.73020
   0.72933 -0.72728
   0.71953 -0.72467
   0.70973 -0.72349
   0.69993 -0.72562
   0.69012 -0.72776
   0.68032 -0.73087
   0.67052 -0.73447
   0.66072 -0.73950
   0.65093 -0.74424
   0.64113 -0.74986
   0.63134 -0.75647
   0.62156 -0.76194
   0.61178 -0.76881
   0.60201 -0.77635
   0.59224 -0.78131
   0.58249 -0.78842
   0.57274 -0.79405
   0.56299 -0.79868
   0.55324 -0.80355
   0.54348 -0.80692
   0.53373 -0.80971
   0.52396 -0.81244
   0.51419 -0.81539
   0.50441 -0.81665
   0.49463 -0.81909
   0.48483 -0.81971
   0.47503 -0.82169
   0.46522 -0.82231
   0.45541 -0.82430
   0.44558 -0.82488
   0.43575 -0.82681
   0.42592 -0.82877
   0.41608 -0.83021
   0.40624 -0.83274
   0.39640 -0.83546
   0.38656 -0.83848
   0.37672 -0.84197
   0.36689 -0.84533
   0.35706 -0.84913
   0.34723 -0.85274
   0.33741 -0.85685
   0.32759 -0.86134
   0.31777 -0.86679
   0.30796 -0.87010
   0.29815 -0.87618
   0.28835 -0.88147
   0.27856 -0.88811
   0.26877 -0.89462
   0.25899 -0.90178
   0.24923 -0.90983
   0.23948 -0.91779
   0.22974 -0.92654
   0.22002 -0.93551
   0.21031 -0.94627
   0.20062 -0.95723
   0.19095 -0.96938
   0.18130 -0.98158
   0.17168 -0.99741
   0.16209 -1.01188
   0.15253 -1.02832
   0.14301 -1.04623
   0.13352 -1.06703
   0.12409 -1.08930
   0.11470 -1.11423
   0.10539 -1.14464
   0.09617 -1.17629
   0.08706 -1.21546
   0.07809 -1.25882
   0.06932 -1.31194
   0.06082 -1.37317
   0.05271 -1.44473
   0.04512 -1.53359
   0.03821 -1.63249
   0.03210 -1.75278
   0.02683 -1.88410
   0.02235 -2.02490
   0.01857 -2.17745
   0.01537 -2.33340
   0.01266 -2.49358
   0.01035 -2.65497
   0.00837 -2.81830
   0.00666 -2.97887
   0.00519 -3.12744
   0.00393 -3.26265
   0.00286 -3.35706
   0.00197 -3.41155
   0.00124 -3.39644
   0.00069 -3.25501
   0.00030 -2.95783
   0.00008 -2.56947
   0.00000 -2.11678
   0.00006 -1.55269
   0.00027 -0.99622
   0.00063 -0.48302
   0.00117 -0.02147
   0.00188  0.33830
   0.00275  0.59684
   0.00380  0.77380
   0.00503  0.88983
   0.00647  0.95892
   0.00815  0.99221
   0.01011  0.99974
   0.01238  0.98788
   0.01505  0.96168
   0.01818  0.92476
   0.02189  0.87977
   0.02627  0.82929
   0.03140  0.77529
   0.03734  0.72060
   0.04405  0.66688
   0.05144  0.61695
   0.05938  0.57034
   0.06773  0.52872
   0.07638  0.49105
   0.08526  0.45759
   0.09431  0.42710
   0.10349  0.39975
   0.11277  0.37456
   0.12212  0.35131
   0.13154  0.33057
   0.14101  0.31113
   0.15052  0.29314
   0.16008  0.27669
   0.16967  0.26082
   0.17929  0.24662
   0.18892  0.23209
   0.19858  0.21950
   0.20826  0.20684
   0.21796  0.19520
   0.22767  0.18386
   0.23739  0.17267
   0.24711  0.16198
   0.25684  0.15144
   0.26657  0.14125
   0.27629  0.13068
   0.28600  0.12105
   0.29569  0.11048
   0.30536  0.10117
   0.31501  0.09191
   0.32464  0.08400
   0.33424  0.07618
   0.34383  0.06952
   0.35340  0.06413
   0.36296  0.06019
   0.37251  0.05652
   0.38205  0.05515
   0.39159  0.05495
   0.40113  0.05500
   0.41067  0.05720
   0.42023  0.06056
   0.42979  0.06440
   0.43936  0.07012
   0.44895  0.07612
   0.45855  0.08366
   0.46817  0.09104
   0.47782  0.10000
   0.48748  0.10919
   0.49716  0.11912
   0.50686  0.12952
   0.51659  0.13986
   0.52634  0.15076
   0.53611  0.16164
   0.54590  0.17295
   0.55571  0.18402
   0.56553  0.19529
   0.57538  0.20686
   0.58524  0.21795
   0.59511  0.22947
   0.60501  0.24075
   0.61491  0.25267
   0.62483  0.26451
   0.63476  0.27603
   0.64471  0.28823
   0.65466  0.30024
   0.66462  0.31298
   0.67457  0.32545
   0.68451  0.33806
   0.69444  0.35144
   0.70435  0.36516
   0.71425  0.37815
   0.72413  0.39346
   0.73399  0.40849
   0.74383  0.42448
   0.75366  0.44235
   0.76348  0.46201
   0.77328  0.48504
   0.78308  0.51417
   0.79286  0.56211
   0.79782  0.60645
   0.80029  0.71524
   0.80377  0.59100
   0.81073  0.55124
   0.82052  0.51712
   0.83028  0.49843
   0.84002  0.48498
   0.84973  0.47421
   0.85941  0.46596
   0.86905  0.45886
   0.87866  0.45298
   0.88823  0.44824
   0.89775  0.44269
   0.90722  0.43783
   0.91664  0.43299
   0.92601  0.42736
   0.93530  0.42144
   0.94450  0.41488
   0.95357  0.40770
   0.96247  0.39779
   0.97110  0.38454
   0.97927  0.37114
   0.98672  0.35263
   0.99321  0.35329
   0.99696  0.45989
