 1   0.98742  -0.06808   0.00000    -31.978       0.875
   2   0.98413  -0.06604   0.00387    -31.785       0.875
   3   0.97836  -0.06248   0.01065    -31.508       0.546
   4   0.97160  -0.05836   0.01856    -31.288       0.426
   5   0.96410  -0.05381   0.02734    -31.075       0.419
   6   0.95611  -0.04902   0.03665    -30.871       0.344
   7   0.94785  -0.04410   0.04626    -30.688       0.322
   8   0.93945  -0.03913   0.05603    -30.506       0.328
   9   0.93097  -0.03415   0.06586    -30.331       0.293
  10   0.92245  -0.02918   0.07573    -30.170       0.277
  11   0.91389  -0.02423   0.08561    -30.006       0.300
  12   0.90531  -0.01929   0.09551    -29.854       0.238
  13   0.89672  -0.01437   0.10542    -29.700       0.305
  14   0.88810  -0.00947   0.11533    -29.547       0.234
  15   0.87947  -0.00459   0.12524    -29.403       0.271
  16   0.87083   0.00026   0.13515    -29.257       0.244
  17   0.86217   0.00510   0.14507    -29.107       0.284
  18   0.85350   0.00991   0.15498    -28.966       0.215
  19   0.84482   0.01470   0.16490    -28.812       0.325
  20   0.83613   0.01947   0.17481    -28.695       0.085
  21   0.82743   0.02421   0.18472    -28.405       0.939
  22   0.81872   0.02892   0.19462    -28.757      -2.176
  23   0.81451   0.03113   0.19938    -25.063      29.260
  24   0.81079   0.03260   0.20337    -18.189      30.910
  25   0.80694   0.03364   0.20737    -12.125      22.143
  26   0.79791   0.03501   0.21650     -7.451      -4.267
  27   0.78811   0.03641   0.22640     -8.234       1.514
  28   0.77832   0.03777   0.23629     -7.810      -0.017
  29   0.76852   0.03911   0.24617     -7.708       0.377
  30   0.75872   0.04042   0.25606     -7.520       0.288
  31   0.74892   0.04170   0.26594     -7.349       0.314
  32   0.73912   0.04295   0.27582     -7.167       0.331
  33   0.72933   0.04416   0.28569     -6.986       0.307
  34   0.71953   0.04535   0.29556     -6.800       0.350
  35   0.70973   0.04650   0.30543     -6.611       0.320
  36   0.69993   0.04762   0.31529     -6.424       0.344
  37   0.69012   0.04871   0.32516     -6.234       0.328
  38   0.68032   0.04976   0.33501     -6.037       0.368
  39   0.67052   0.05078   0.34487     -5.838       0.337
  40   0.66072   0.05177   0.35472     -5.639       0.371
  41   0.65093   0.05271   0.36456     -5.426       0.385
  42   0.64113   0.05363   0.37440     -5.214       0.366
  43   0.63134   0.05450   0.38423     -4.997       0.404
  44   0.62156   0.05534   0.39405     -4.770       0.403
  45   0.61178   0.05613   0.40386     -4.536       0.431
  46   0.60201   0.05689   0.41366     -4.287       0.458
  47   0.59224   0.05760   0.42345     -4.033       0.447
  48   0.58249   0.05826   0.43322     -3.774       0.475
  49   0.57274   0.05888   0.44300     -3.499       0.511
  50   0.56299   0.05946   0.45276     -3.219       0.487
  51   0.55324   0.05998   0.46252     -2.945       0.496
  52   0.54348   0.06046   0.47229     -2.667       0.498
  53   0.53373   0.06089   0.48206     -2.392       0.484
  54   0.52396   0.06128   0.49183     -2.125       0.469
  55   0.51419   0.06162   0.50161     -1.859       0.482
  56   0.50441   0.06191   0.51139     -1.602       0.436
  57   0.49463   0.06216   0.52118     -1.345       0.480
  58   0.48483   0.06237   0.53097     -1.095       0.409
  59   0.47503   0.06254   0.54078     -0.852       0.457
  60   0.46522   0.06266   0.55059     -0.614       0.392
  61   0.45541   0.06275   0.56040     -0.388       0.411
  62   0.44558   0.06279   0.57023     -0.162       0.393
  63   0.43575   0.06280   0.58006      0.056       0.379
  64   0.42592   0.06278   0.58989      0.271       0.385
  65   0.41608   0.06271   0.59973      0.485       0.373
  66   0.40624   0.06261   0.60957      0.689       0.350
  67   0.39640   0.06247   0.61941      0.899       0.394
  68   0.38656   0.06230   0.62925      1.113       0.367
  69   0.37672   0.06209   0.63909      1.321       0.370
  70   0.36689   0.06185   0.64893      1.534       0.386
  71   0.35706   0.06157   0.65876      1.751       0.384
  72   0.34723   0.06125   0.66860      1.966       0.379
  73   0.33741   0.06089   0.67843      2.187       0.406
  74   0.32759   0.06050   0.68825      2.404       0.364
  75   0.31777   0.06007   0.69808      2.632       0.445
  76   0.30796   0.05959   0.70790      2.857       0.355
  77   0.29815   0.05909   0.71772      3.081       0.442
  78   0.28835   0.05854   0.72754      3.312       0.380
  79   0.27856   0.05795   0.73735      3.539       0.427
  80   0.26877   0.05733   0.74716      3.781       0.435
  81   0.25899   0.05666   0.75696      4.027       0.440
  82   0.24923   0.05595   0.76675      4.284       0.476
  83   0.23948   0.05520   0.77653      4.547       0.463
  84   0.22974   0.05440   0.78630      4.812       0.485
  85   0.22002   0.05356   0.79606      5.084       0.488
  86   0.21031   0.05267   0.80581      5.373       0.548
  87   0.20062   0.05173   0.81554      5.670       0.515
  88   0.19095   0.05075   0.82527      5.983       0.608
  89   0.18130   0.04971   0.83497      6.305       0.553
  90   0.17168   0.04862   0.84465      6.647       0.677
  91   0.16209   0.04747   0.85431      7.016       0.657
  92   0.15253   0.04626   0.86394      7.396       0.721
  93   0.14301   0.04499   0.87355      7.797       0.736
  94   0.13352   0.04366   0.88313      8.223       0.813
  95   0.12409   0.04225   0.89267      8.683       0.871
  96   0.11470   0.04078   0.90216      9.168       0.911
  97   0.10539   0.03923   0.91160      9.703       1.067
  98   0.09617   0.03761   0.92097     10.285       1.105
  99   0.08706   0.03590   0.93024     10.928       1.313
 100   0.07809   0.03412   0.93938     11.646       1.427
 101   0.06932   0.03225   0.94835     12.444       1.681
 102   0.06082   0.03030   0.95707     13.362       1.996
 103   0.05271   0.02830   0.96543     14.392       2.304
 104   0.04512   0.02627   0.97328     15.560       2.888
 105   0.03821   0.02426   0.98048     16.885       3.539
 106   0.03210   0.02233   0.98689     18.383       4.621
 107   0.02683   0.02049   0.99247     20.079       5.982
 108   0.02235   0.01877   0.99727     21.930       7.489
 109   0.01857   0.01718   1.00137     23.992      10.047
 110   0.01537   0.01568   1.00490     26.226      12.074
 111   0.01266   0.01428   1.00795     28.682      16.029
 112   0.01035   0.01294   1.01062     31.364      19.038
 113   0.00837   0.01167   1.01298     34.309      24.522
 114   0.00666   0.01043   1.01509     37.609      30.052
 115   0.00519   0.00922   1.01699     41.242      36.635
 116   0.00393   0.00804   1.01871     45.351      46.545
 117   0.00286   0.00687   1.02029     49.961      55.294
 118   0.00197   0.00571   1.02176     55.177      68.788
 119   0.00124   0.00454   1.02314     61.131      82.296
 120   0.00069   0.00338   1.02443     67.881     100.949
 121   0.00030   0.00224   1.02563     75.010     106.328
 122   0.00008   0.00114   1.02675     82.087     113.457
 123   0.00000   0.00007   1.02783     89.558     128.656
 124   0.00006  -0.00101   1.02890     97.020     114.147
 125   0.00027  -0.00210   1.03002    104.155     108.698
 126   0.00063  -0.00324   1.03121    111.278      99.897
 127   0.00117  -0.00440   1.03249    118.069      85.783
 128   0.00188  -0.00557   1.03386    124.080      67.569
 129   0.00275  -0.00674   1.03532    129.294      57.077
 130   0.00380  -0.00792   1.03689    133.936      46.102
 131   0.00503  -0.00910   1.03861    137.984      36.341
 132   0.00647  -0.01032   1.04050    141.553      29.587
 133   0.00815  -0.01158   1.04259    144.835      25.062
 134   0.01011  -0.01288   1.04494    147.737      18.092
 135   0.01238  -0.01424   1.04759    150.339      16.178
 136   0.01505  -0.01568   1.05062    152.789      12.069
 137   0.01818  -0.01722   1.05411    154.994       9.967
 138   0.02189  -0.01886   1.05817    157.088       8.062
 139   0.02627  -0.02062   1.06288    159.033       6.327
 140   0.03140  -0.02249   1.06835    160.827       5.129
 141   0.03734  -0.02446   1.07461    162.477       4.076
 142   0.04405  -0.02648   1.08162    163.972       3.371
 143   0.05144  -0.02851   1.08928    165.310       2.724
 144   0.05938  -0.03050   1.09746    166.475       2.246
 145   0.06773  -0.03243   1.10603    167.490       1.890
 146   0.07638  -0.03427   1.11488    168.383       1.634
 147   0.08526  -0.03603   1.12393    169.163       1.373
 148   0.09431  -0.03771   1.13314    169.843       1.205
 149   0.10349  -0.03930   1.14245    170.459       1.103
 150   0.11277  -0.04081   1.15185    171.017       0.970
 151   0.12212  -0.04225   1.16132    171.534       0.937
 152   0.13154  -0.04361   1.17083    172.015       0.826
 153   0.14101  -0.04490   1.18039    172.456       0.784
 154   0.15052  -0.04613   1.18998    172.867       0.713
 155   0.16008  -0.04729   1.19961    173.252       0.683
 156   0.16967  -0.04839   1.20926    173.622       0.654
 157   0.17929  -0.04944   1.21893    173.969       0.599
 158   0.18892  -0.05043   1.22862    174.305       0.612
 159   0.19858  -0.05136   1.23833    174.632       0.565
 160   0.20826  -0.05224   1.24804    174.939       0.537
 161   0.21796  -0.05308   1.25778    175.242       0.549
 162   0.22767  -0.05386   1.26752    175.534       0.498
 163   0.23739  -0.05460   1.27727    175.820       0.527
 164   0.24711  -0.05528   1.28701    176.106       0.497
 165   0.25684  -0.05592   1.29676    176.392       0.524
 166   0.26657  -0.05651   1.30651    176.676       0.493
 167   0.27629  -0.05705   1.31625    176.973       0.573
 168   0.28600  -0.05754   1.32597    177.279       0.525
 169   0.29569  -0.05797   1.33567    177.603       0.639
 170   0.30536  -0.05835   1.34535    177.955       0.631
 171   0.31501  -0.05866   1.35500    178.324       0.703
 172   0.32464  -0.05891   1.36463    178.712       0.704
 173   0.33424  -0.05909   1.37423    179.125       0.796
 174   0.34383  -0.05920   1.38382    179.559       0.786
 175   0.35340  -0.05924   1.39339    180.001       0.825
 176   0.36296  -0.05920   1.40295    180.455       0.832
 177   0.37251  -0.05909   1.41250    180.914       0.846
 178   0.38205  -0.05889   1.42205    181.380       0.858
 179   0.39159  -0.05863   1.43159    181.851       0.863
 180   0.40113  -0.05828   1.44114    182.310       0.815
 181   0.41067  -0.05785   1.45069    182.769       0.861
 182   0.42023  -0.05736   1.46026    183.215       0.767
 183   0.42979  -0.05678   1.46984    183.649       0.816
 184   0.43936  -0.05613   1.47943    184.076       0.736
 185   0.44895  -0.05542   1.48905    184.477       0.722
 186   0.45855  -0.05463   1.49868    184.864       0.680
 187   0.46817  -0.05378   1.50834    185.230       0.640
 188   0.47782  -0.05287   1.51802    185.576       0.608
 189   0.48748  -0.05190   1.52773    185.899       0.551
 190   0.49716  -0.05087   1.53747    186.198       0.524
 191   0.50686  -0.04980   1.54723    186.475       0.466
 192   0.51659  -0.04867   1.55702    186.726       0.429
 193   0.52634  -0.04750   1.56684    186.955       0.382
 194   0.53611  -0.04629   1.57669    187.161       0.348
 195   0.54590  -0.04504   1.58656    187.340       0.287
 196   0.55571  -0.04377   1.59645    187.508       0.307
 197   0.56553  -0.04246   1.60636    187.660       0.228
 198   0.57538  -0.04112   1.61630    187.784       0.206
 199   0.58524  -0.03976   1.62625    187.897       0.192
 200   0.59511  -0.03839   1.63622    187.997       0.159
 201   0.60501  -0.03699   1.64621    188.078       0.121
 202   0.61491  -0.03558   1.65622    188.150       0.130
 203   0.62483  -0.03415   1.66624    188.207       0.069
 204   0.63476  -0.03271   1.67627    188.245       0.063
 205   0.64471  -0.03127   1.68632    188.274       0.037
 206   0.65466  -0.02982   1.69638    188.286       0.004
 207   0.66462  -0.02837   1.70645    188.284      -0.012
 208   0.67457  -0.02692   1.71650    188.269      -0.040
 209   0.68451  -0.02548   1.72655    188.232      -0.085
 210   0.69444  -0.02405   1.73658    188.187      -0.071
 211   0.70435  -0.02263   1.74659    188.123      -0.151
 212   0.71425  -0.02122   1.75659    188.041      -0.137
 213   0.72413  -0.01984   1.76656    187.953      -0.172
 214   0.73399  -0.01847   1.77652    187.838      -0.228
 215   0.74383  -0.01712   1.78645    187.709      -0.225
 216   0.75366  -0.01581   1.79637    187.557      -0.309
 217   0.76348  -0.01452   1.80627    187.416      -0.189
 218   0.77328  -0.01326   1.81616    187.155      -0.733
 219   0.78308  -0.01203   1.82603    187.315       1.297
 220   0.79286  -0.01084   1.83589    185.828      -6.619
 221   0.79723  -0.01032   1.84029    189.583      35.464
 222   0.79942  -0.01006   1.84249    178.538    -219.552
 223   0.80252  -0.01080   1.84568    162.537      35.482
 224   0.80873  -0.01229   1.85206    167.734      -8.521
 225   0.81826  -0.01461   1.86187    165.848       1.720
 226   0.82776  -0.01697   1.87166    166.032      -1.068
 227   0.83722  -0.01936   1.88142    165.639      -0.339
 228   0.84665  -0.02180   1.89116    165.381      -0.583
 229   0.85605  -0.02427   1.90087    165.054      -0.593
 230   0.86539  -0.02680   1.91056    164.714      -0.632
 231   0.87470  -0.02937   1.92021    164.348      -0.691
 232   0.88395  -0.03200   1.92983    163.947      -0.767
 233   0.89314  -0.03468   1.93940    163.517      -0.799
 234   0.90228  -0.03743   1.94894    163.054      -0.894
 235   0.91135  -0.04023   1.95844    162.563      -0.914
 236   0.92035  -0.04310   1.96789    162.032      -1.045
 237   0.92927  -0.04604   1.97728    161.461      -1.078
 238   0.93808  -0.04905   1.98659    160.852      -1.207
 239   0.94675  -0.05212   1.99579    160.185      -1.323
 240   0.95524  -0.05523   2.00483    159.480      -1.400
 241   0.96345  -0.05836   2.01361    158.769      -1.423
 242   0.97120  -0.06143   2.02195    158.097      -1.391
 243   0.97826  -0.06431   2.02957    157.495      -1.367
 244   0.98440  -0.06689   2.03623    156.962      -1.424
 245   0.98794  -0.06840   2.04008    156.648      -1.423