     1.000.000   0.000000
     0.999398    0.000128
     0.995615    0.000924
     0.988969    0.002292
     0.981214    0.003855
     0.972606    0.005557
     0.963460    0.007330
     0.954019    0.009127
     0.944423    0.010922
     0.934753    0.012700
     0.925043    0.014456
     0.915308    0.016188
     0.905559    0.017895
     0.895799    0.019577
     0.886028    0.021233
     0.876250    0.022865
     0.866468    0.024472
     0.856681    0.026054
     0.846887    0.027611
     0.837091    0.029144
     0.827295    0.030651
     0.817499    0.032131
     0.807704    0.033583
     0.797908    0.035009
     0.788112    0.036406
     0.778316    0.037774
     0.768520    0.039112
     0.758722    0.040421
     0.748922    0.041700
     0.739124    0.042948
     0.729327    0.044164
     0.719528    0.045349
     0.709728    0.046501
     0.699926    0.047621
     0.690124    0.048708
     0.680322    0.049762
     0.670522    0.050781
     0.660723    0.051766
     0.650926    0.052715
     0.641130    0.053627
     0.631340    0.054502
     0.621556    0.055338
     0.611779    0.056134
     0.602008    0.056888
     0.592244    0.057598
     0.582487    0.058264
     0.572736    0.058884
     0.562987    0.059456
     0.553238    0.059981
     0.543485    0.060459
     0.533726    0.060890
     0.523962    0.061275
     0.514190    0.061615
     0.504412    0.061910
     0.494627    0.062162
     0.484834    0.062370
     0.475032    0.062537
     0.465223    0.062662
     0.455406    0.062748
     0.445583    0.062795
     0.435753    0.062804
     0.425918    0.062776
     0.416080    0.062711
     0.406239    0.062610
     0.396399    0.062474
     0.386561    0.062301
     0.376725    0.062092
     0.366891    0.061847
     0.357060    0.061565
     0.347232    0.061246
     0.337409    0.060890
     0.327589    0.060496
     0.317773    0.060065
     0.307962    0.059594
     0.298154    0.059086
     0.288351    0.058538
     0.278555    0.057952
     0.268768    0.057326
     0.258994    0.056659
     0.249231    0.055950
     0.239480    0.055197
     0.229741    0.054400
     0.220015    0.053558
     0.210306    0.052670
     0.200616    0.051733
     0.190946    0.050747
     0.181298    0.049708
     0.171678    0.048617
     0.162088    0.047468
     0.152530    0.046260
     0.143007    0.044990
     0.133523    0.043656
     0.124086    0.042254
     0.114705    0.040781
     0.105395    0.039235
     0.096172    0.037610
     0.087059    0.035905
     0.078091    0.034116
     0.069319    0.032246
     0.060820    0.030301
     0.052705    0.028298
     0.045116    0.026271
     0.038208    0.024264
     0.032099    0.022326
     0.026828    0.020491
     0.022348    0.018774
     0.018567    0.017176
     0.015374    0.015682
     0.012665    0.014278
     0.010353    0.012944
     0.008368    0.011666
     0.006658    0.010428
     0.005188    0.009222
     0.003931    0.008041
     0.002865    0.006874
     0.001971    0.005710
     0.001243    0.004542
     0.000687    0.003382
     0.000304    0.002243
     0.000080    0.001141
     0.000000    0.000066
     0.000063   -0.001006
     0.000269   -0.002105
     0.000633   -0.003241
     0.001168   -0.004401
     0.001877   -0.005572
     0.002751   -0.006742
     0.003796   -0.007915
     0.005030   -0.009105
     0.006474   -0.010324
     0.008154   -0.011579
     0.010108   -0.012879
     0.012382   -0.014242
     0.015046   -0.015681
     0.018183   -0.017216
     0.021889   -0.018860
     0.026267   -0.020620
     0.031405   -0.022494
     0.037344   -0.024460
     0.044055   -0.026480
     0.051443   -0.028506
     0.059376   -0.030497
     0.067725   -0.032425
     0.076380   -0.034273
     0.085261   -0.036034
     0.094313   -0.037710
     0.103493   -0.039303
     0.112771   -0.040815
     0.122124   -0.042250
     0.131538   -0.043610
     0.141008   -0.044901
     0.150524   -0.046126
     0.160080   -0.047289
     0.169669   -0.048392
     0.179285   -0.049437
     0.188925   -0.050427
     0.198584   -0.051362
     0.208262   -0.052245
     0.217958   -0.053078
     0.227669   -0.053861
     0.237389   -0.054596
     0.247113   -0.055282
     0.256841   -0.055920
     0.266569   -0.056509
     0.276291   -0.057049
     0.286000   -0.057536
     0.295691   -0.057970
     0.305362   -0.058345
     0.315012   -0.058659
     0.324637   -0.058908
     0.334240   -0.059090
     0.343826   -0.059200
     0.353397   -0.059237
     0.362956   -0.059199
     0.372505   -0.059085
     0.382048   -0.058894
     0.391587   -0.058625
     0.401129   -0.058278
     0.410675   -0.057855
     0.420228   -0.057355
     0.429789   -0.056782
     0.439363   -0.056135
     0.448950   -0.055418
     0.458554   -0.054633
     0.468175   -0.053783
     0.477815   -0.052871
     0.487475   -0.051900
     0.497156   -0.050874
     0.506859   -0.049796
     0.516587   -0.048670
     0.526337   -0.047500
     0.536108   -0.046290
     0.545898   -0.045044
     0.555707   -0.043766
     0.565533   -0.042457
     0.575377   -0.041122
     0.585238   -0.039764
     0.595114   -0.038385
     0.605005   -0.036988
     0.614910   -0.035576
     0.624829   -0.034150
     0.634762   -0.032714
     0.644708   -0.031270
     0.654663   -0.029821
     0.664620   -0.028371
     0.674573   -0.026923
     0.684515   -0.025481
     0.694441   -0.024049
     0.704352   -0.022628
     0.714247   -0.021223
     0.724125   -0.019835
     0.733986   -0.018467
     0.743831   -0.017123
     0.753660   -0.015805
     0.763476   -0.014516
     0.773281   -0.013258
     0.783077   -0.012031
     0.792865   -0.010839
     0.802641   -0.009681
     0.812406   -0.008562
     0.822155   -0.007484
     0.831887   -0.006449
     0.841601   -0.005462
     0.851295   -0.004525
     0.860967   -0.003642
     0.870616   -0.002817
     0.880238   -0.002054
     0.889829   -0.001358
     0.899387   -0.000734
     0.908911   -0.000187
     0.918394    0.000279
     0.927834    0.000658
     0.937220    0.000945
     0.946528    0.001134
     0.955729    0.001218
     0.964771    0.001192
     0.973552    0.001058
     0.981886    0.000830
     0.989504    0.000536
     0.996157    0.000215
     1.000000    0.000000
