 -30.000  -1.9927   0.00000  -0.00060  -0.2069   0.0000   0.0000
 -29.000  -1.8780   0.00000  -0.00057  -0.2120   0.0000   0.0000
 -28.000  -1.7628   0.00000  -0.00054  -0.2171   0.0000   0.0000
 -27.000  -1.6471   0.00000  -0.00051  -0.2221   0.0000   0.0000
 -26.000  -1.5309   0.00000  -0.00048  -0.2270   0.0000   0.0000
 -25.000  -1.4142   0.00000  -0.00045  -0.2318   0.0000   0.0000
 -24.000  -1.2970   0.00000  -0.00043  -0.2366   0.0000   0.0000
 -23.000  -1.1795   0.00000  -0.00040  -0.2412   0.0000   0.0000
 -22.000  -1.0616   0.00000  -0.00037  -0.2458   0.0000   0.0000
 -21.000  -0.9434   0.00000  -0.00035  -0.2502   0.0000   0.0000
 -20.000  -0.8249   0.00000  -0.00032  -0.2546   0.0000   0.0000
 -19.000  -0.7062   0.00000  -0.00030  -0.2588   0.0000   0.0000
 -18.000  -0.5872   0.00000  -0.00028  -0.2629   0.0000   0.0000
 -17.000  -0.4681   0.00000  -0.00026  -0.2669   0.0000   0.0000
 -16.000  -0.3488   0.00000  -0.00024  -0.2708   0.0000   0.0000
 -15.000  -0.2295   0.00000  -0.00022  -0.2745   0.0000   0.0000
 -14.000  -0.1100   0.00000  -0.00020  -0.2781   0.0000   0.0000
 -13.000   0.0095   0.00000  -0.00019  -0.2815   0.0000   0.0000
 -12.000   0.1289   0.00000  -0.00017  -0.2848   0.0000   0.0000
 -11.000   0.2484   0.00000  -0.00016  -0.2879   0.0000   0.0000
 -10.000   0.3677   0.00000  -0.00015  -0.2909   0.0000   0.0000
  -9.000   0.4870   0.00000  -0.00014  -0.2937   0.0000   0.0000
  -8.000   0.6061   0.00000  -0.00013  -0.2964   0.0000   0.0000
  -7.000   0.7250   0.00000  -0.00013  -0.2989   0.0000   0.0000
  -6.000   0.8437   0.00000  -0.00012  -0.3012   0.0000   0.0000
  -5.000   0.9621   0.00000  -0.00012  -0.3034   0.0000   0.0000
  -4.000   1.0803   0.00000  -0.00012  -0.3053   0.0000   0.0000
  -3.000   1.1981   0.00000  -0.00012  -0.3071   0.0000   0.0000
  -2.000   1.3155   0.00000  -0.00012  -0.3088   0.0000   0.0000
  -1.000   1.4326   0.00000  -0.00013  -0.3102   0.0000   0.0000
   0.000   1.5492   0.00000  -0.00014  -0.3115   0.0000   0.0000
   1.000   1.6653   0.00000  -0.00014  -0.3125   0.0000   0.0000
   2.000   1.7809   0.00000  -0.00015  -0.3134   0.0000   0.0000
   3.000   1.8960   0.00000  -0.00017  -0.3141   0.0000   0.0000
   4.000   2.0105   0.00000  -0.00018  -0.3146   0.0000   0.0000
   5.000   2.1244   0.00000  -0.00019  -0.3150   0.0000   0.0000
   6.000   2.2377   0.00000  -0.00021  -0.3151   0.0000   0.0000
   7.000   2.3503   0.00000  -0.00023  -0.3151   0.0000   0.0000
   8.000   2.4621   0.00000  -0.00025  -0.3148   0.0000   0.0000
   9.000   2.5732   0.00000  -0.00027  -0.3144   0.0000   0.0000
  10.000   2.6835   0.00000  -0.00029  -0.3138   0.0000   0.0000
  11.000   2.7931   0.00000  -0.00031  -0.3130   0.0000   0.0000
  12.000   2.9017   0.00000  -0.00034  -0.3120   0.0000   0.0000
  13.000   3.0095   0.00000  -0.00036  -0.3108   0.0000   0.0000
  14.000   3.1164   0.00000  -0.00039  -0.3095   0.0000   0.0000
  15.000   3.2223   0.00000  -0.00042  -0.3079   0.0000   0.0000
  16.000   3.3272   0.00000  -0.00045  -0.3062   0.0000   0.0000
  17.000   3.4311   0.00000  -0.00048  -0.3043   0.0000   0.0000
  18.000   3.5340   0.00000  -0.00051  -0.3023   0.0000   0.0000
  19.000   3.6358   0.00000  -0.00054  -0.3000   0.0000   0.0000
  20.000   3.7365   0.00000  -0.00057  -0.2976   0.0000   0.0000
  21.000   3.8361   0.00000  -0.00060  -0.2950   0.0000   0.0000
  22.000   3.9345   0.00000  -0.00063  -0.2923   0.0000   0.0000
  23.000   4.0317   0.00000  -0.00067  -0.2894   0.0000   0.0000
  24.000   4.1276   0.00000  -0.00070  -0.2863   0.0000   0.0000
  25.000   4.2223   0.00000  -0.00073  -0.2831   0.0000   0.0000
  26.000   4.3158   0.00000  -0.00077  -0.2797   0.0000   0.0000
  27.000   4.4079   0.00000  -0.00080  -0.2762   0.0000   0.0000
  28.000   4.4987   0.00000  -0.00083  -0.2726   0.0000   0.0000
  29.000   4.5881   0.00000  -0.00086  -0.2688   0.0000   0.0000
  30.000   4.6761   0.00000  -0.00089  -0.2648   0.0000   0.0000
