 -30.000  -1.3573   0.00000  -0.00054  -0.3084   0.0000   0.0000
 -29.000  -1.2402   0.00000  -0.00052  -0.3149   0.0000   0.0000
 -28.000  -1.1229   0.00000  -0.00049  -0.3213   0.0000   0.0000
 -27.000  -1.0051   0.00000  -0.00046  -0.3275   0.0000   0.0000
 -26.000  -0.8871   0.00000  -0.00043  -0.3336   0.0000   0.0000
 -25.000  -0.7688   0.00000  -0.00040  -0.3395   0.0000   0.0000
 -24.000  -0.6503   0.00000  -0.00037  -0.3453   0.0000   0.0000
 -23.000  -0.5316   0.00000  -0.00035  -0.3509   0.0000   0.0000
 -22.000  -0.4127   0.00000  -0.00032  -0.3564   0.0000   0.0000
 -21.000  -0.2937   0.00000  -0.00029  -0.3617   0.0000   0.0000
 -20.000  -0.1746   0.00000  -0.00027  -0.3668   0.0000   0.0000
 -19.000  -0.0554   0.00000  -0.00025  -0.3717   0.0000   0.0000
 -18.000   0.0637   0.00000  -0.00022  -0.3765   0.0000   0.0000
 -17.000   0.1829   0.00000  -0.00020  -0.3810   0.0000   0.0000
 -16.000   0.3020   0.00000  -0.00018  -0.3853   0.0000   0.0000
 -15.000   0.4210   0.00000  -0.00016  -0.3895   0.0000   0.0000
 -14.000   0.5398   0.00000  -0.00014  -0.3934   0.0000   0.0000
 -13.000   0.6585   0.00000  -0.00013  -0.3971   0.0000   0.0000
 -12.000   0.7770   0.00000  -0.00011  -0.4006   0.0000   0.0000
 -11.000   0.8953   0.00000  -0.00010  -0.4039   0.0000   0.0000
 -10.000   1.0133   0.00000  -0.00009  -0.4069   0.0000   0.0000
  -9.000   1.1310   0.00000  -0.00008  -0.4097   0.0000   0.0000
  -8.000   1.2483   0.00000  -0.00007  -0.4123   0.0000   0.0000
  -7.000   1.3652   0.00000  -0.00006  -0.4146   0.0000   0.0000
  -6.000   1.4818   0.00000  -0.00006  -0.4167   0.0000   0.0000
  -5.000   1.5979   0.00000  -0.00005  -0.4185   0.0000   0.0000
  -4.000   1.7135   0.00000  -0.00005  -0.4201   0.0000   0.0000
  -3.000   1.8285   0.00000  -0.00005  -0.4214   0.0000   0.0000
  -2.000   1.9430   0.00000  -0.00005  -0.4225   0.0000   0.0000
  -1.000   2.0570   0.00000  -0.00006  -0.4234   0.0000   0.0000
   0.000   2.1703   0.00000  -0.00006  -0.4240   0.0000   0.0000
   1.000   2.2829   0.00000  -0.00007  -0.4243   0.0000   0.0000
   2.000   2.3949   0.00000  -0.00007  -0.4244   0.0000   0.0000
   3.000   2.5061   0.00000  -0.00008  -0.4242   0.0000   0.0000
   4.000   2.6165   0.00000  -0.00010  -0.4238   0.0000   0.0000
   5.000   2.7262   0.00000  -0.00011  -0.4231   0.0000   0.0000
   6.000   2.8350   0.00000  -0.00012  -0.4221   0.0000   0.0000
   7.000   2.9430   0.00000  -0.00014  -0.4209   0.0000   0.0000
   8.000   3.0500   0.00000  -0.00016  -0.4195   0.0000   0.0000
   9.000   3.1562   0.00000  -0.00018  -0.4178   0.0000   0.0000
  10.000   3.2613   0.00000  -0.00020  -0.4159   0.0000   0.0000
  11.000   3.3655   0.00000  -0.00022  -0.4137   0.0000   0.0000
  12.000   3.4687   0.00000  -0.00024  -0.4113   0.0000   0.0000
  13.000   3.5708   0.00000  -0.00027  -0.4086   0.0000   0.0000
  14.000   3.6718   0.00000  -0.00029  -0.4058   0.0000   0.0000
  15.000   3.7717   0.00000  -0.00032  -0.4026   0.0000   0.0000
  16.000   3.8705   0.00000  -0.00035  -0.3993   0.0000   0.0000
  17.000   3.9681   0.00000  -0.00037  -0.3957   0.0000   0.0000
  18.000   4.0644   0.00000  -0.00040  -0.3919   0.0000   0.0000
  19.000   4.1596   0.00000  -0.00043  -0.3879   0.0000   0.0000
  20.000   4.2534   0.00000  -0.00046  -0.3837   0.0000   0.0000
  21.000   4.3460   0.00000  -0.00049  -0.3793   0.0000   0.0000
  22.000   4.4373   0.00000  -0.00053  -0.3746   0.0000   0.0000
  23.000   4.5272   0.00000  -0.00056  -0.3698   0.0000   0.0000
  24.000   4.6157   0.00000  -0.00059  -0.3648   0.0000   0.0000
  25.000   4.7028   0.00000  -0.00062  -0.3596   0.0000   0.0000
  26.000   4.7885   0.00000  -0.00065  -0.3543   0.0000   0.0000
  27.000   4.8727   0.00000  -0.00069  -0.3488   0.0000   0.0000
  28.000   4.9555   0.00000  -0.00072  -0.3431   0.0000   0.0000
  29.000   5.0367   0.00000  -0.00075  -0.3372   0.0000   0.0000
  30.000   5.1164   0.00000  -0.00078  -0.3312   0.0000   0.0000
