 -24.000  -1.1212   0.10859   0.10629  -0.0711   0.8342   0.0027
 -23.000  -1.2789   0.07049   0.06769  -0.0915   0.8347   0.0027
 -22.000  -1.3199   0.05272   0.04965  -0.1010   0.8353   0.0027
 -21.000  -1.3229   0.04094   0.03766  -0.1069   0.8360   0.0028
 -20.000  -1.3023   0.03247   0.02904  -0.1111   0.8367   0.0029
 -19.000  -1.2650   0.02615   0.02258  -0.1142   0.8375   0.0029
 -18.000  -1.2098   0.02132   0.01764  -0.1172   0.8381   0.0030
 -17.000  -1.1319   0.01723   0.01344  -0.1229   0.8387   0.0033
 -16.000  -1.0244   0.01415   0.01029  -0.1315   0.8392   0.0038
 -15.000  -0.9074   0.01207   0.00816  -0.1391   0.8396   0.0041
 -14.000  -0.7892   0.01035   0.00641  -0.1454   0.8401   0.0049
 -13.000  -0.6719   0.00921   0.00525  -0.1500   0.8406   0.0054
 -12.000  -0.5538   0.00819   0.00424  -0.1542   0.8411   0.0068
 -11.000  -0.4354   0.00737   0.00343  -0.1579   0.8415   0.0083
 -10.000  -0.3167   0.00669   0.00279  -0.1614   0.8419   0.0107
  -9.000  -0.1976   0.00607   0.00222  -0.1646   0.8418   0.0167
  -8.000  -0.0784   0.00551   0.00175  -0.1676   0.8415   0.0276
  -7.000   0.0412   0.00498   0.00136  -0.1706   0.8414   0.0572
  -6.000   0.1612   0.00439   0.00103  -0.1736   0.8414   0.1293
  -5.000   0.2820   0.00367   0.00073  -0.1768   0.8413   0.2730
  -4.000   0.4022   0.00297   0.00042  -0.1796   0.8342   0.4308
  -3.000   0.5041   0.00379   0.00070  -0.1780   0.6535   0.4651
  -2.000   0.5918   0.00540   0.00132  -0.1737   0.3580   0.4893
  -1.000   0.6911   0.00653   0.00180  -0.1716   0.1570   0.5051
   0.000   0.7957   0.00737   0.00226  -0.1704   0.0521   0.5147
   1.000   0.9030   0.00795   0.00270  -0.1698   0.0261   0.5247
   2.000   1.0096   0.00853   0.00320  -0.1689   0.0166   0.5348
   3.000   1.1147   0.00916   0.00378  -0.1677   0.0116   0.5457
   4.000   1.2173   0.00990   0.00449  -0.1660   0.0081   0.5570
   6.000   1.4152   0.01157   0.00616  -0.1611   0.0056   0.5825
   7.000   1.5049   0.01259   0.00721  -0.1569   0.0048   0.5965
   8.000   1.5924   0.01377   0.00843  -0.1523   0.0041   0.6118
   9.000   1.6758   0.01515   0.00988  -0.1471   0.0036   0.6273
  10.000   1.7559   0.01664   0.01145  -0.1415   0.0035   0.6445
  11.000   1.8300   0.01846   0.01335  -0.1350   0.0031   0.6609
  12.000   1.8951   0.02080   0.01583  -0.1273   0.0027   0.6771
  13.000   1.9557   0.02325   0.01842  -0.1193   0.0026   0.6936
  14.000   2.0083   0.02615   0.02146  -0.1105   0.0025   0.7082
  15.000   2.0505   0.02976   0.02525  -0.1009   0.0025   0.7224
  16.000   2.0807   0.03430   0.02997  -0.0907   0.0023   0.7342
  17.000   2.0958   0.04032   0.03621  -0.0802   0.0021   0.7446
  18.000   2.1006   0.04812   0.04426  -0.0712   0.0022   0.7535
  19.000   2.0775   0.06058   0.05704  -0.0648   0.0019   0.7602
  20.000   2.0313   0.07839   0.07524  -0.0641   0.0018   0.7650
  21.000   1.9449   0.10553   0.10283  -0.0732   0.0018   0.7687
  22.000   1.7993   0.14900   0.14688  -0.1020   0.0019   0.7697
  
