 -24.000  -0.8975   0.07248   0.07044  -0.1583   0.8350   0.0033
 -23.000  -0.9749   0.05840   0.05610  -0.1574   0.8362   0.0033
 -22.000  -1.1222   0.05360   0.05113  -0.1325   0.8366   0.0033
 -21.000  -1.2254   0.04653   0.04387  -0.1155   0.8378   0.0033
 -20.000  -1.1529   0.04057   0.03776  -0.1259   0.8386   0.0034
 -19.000  -1.0325   0.03725   0.03436  -0.1403   0.8393   0.0035
 -18.000  -0.8878   0.03502   0.03204  -0.1577   0.8400   0.0040
 -17.000  -0.7409   0.03413   0.03112  -0.1730   0.8408   0.0046
 -16.000  -0.5939   0.03413   0.03110  -0.1866   0.8418   0.0054
 -15.000  -0.4490   0.03484   0.03181  -0.1986   0.8424   0.0064
 -14.000  -0.3081   0.03564   0.03264  -0.2091   0.8426   0.0077
 -13.000  -0.1702   0.03655   0.03358  -0.2186   0.8428   0.0104
 -12.000  -0.0386   0.03751   0.03458  -0.2261   0.8428   0.0131
 -11.000   0.0903   0.03854   0.03567  -0.2327   0.8429   0.0199
 -10.000   0.2164   0.03960   0.03683  -0.2384   0.8429   0.0362
  -9.000   0.3029   0.03983   0.03719  -0.2368   0.8399   0.0676
  -8.000   0.4307   0.04066   0.03826  -0.2425   0.8393   0.1455
  -7.000   0.5587   0.04145   0.03937  -0.2479   0.8387   0.2710
  -5.000   0.8692   0.03435   0.03061  -0.2672   0.3748   0.4554
  -4.000   0.9717   0.03366   0.02901  -0.2659   0.1272   0.4752
  -3.000   1.0693   0.03391   0.02893  -0.2634   0.0446   0.4891
  -2.000   1.1668   0.03432   0.02921  -0.2608   0.0248   0.4996
  -1.000   1.2643   0.03465   0.02945  -0.2581   0.0157   0.5083
   0.000   1.3620   0.03485   0.02958  -0.2553   0.0107   0.5169
   1.000   1.4558   0.03531   0.02999  -0.2517   0.0078   0.5251
   2.000   1.5471   0.03583   0.03047  -0.2476   0.0059   0.5337
   3.000   1.6364   0.03646   0.03109  -0.2430   0.0053   0.5427
   4.000   1.7229   0.03719   0.03182  -0.2379   0.0043   0.5513
   6.000   1.8862   0.03924   0.03392  -0.2259   0.0032   0.5698
   7.000   1.9620   0.04063   0.03536  -0.2190   0.0030   0.5794
   8.000   2.0317   0.04237   0.03717  -0.2111   0.0027   0.5892
   9.000   2.0939   0.04466   0.03957  -0.2021   0.0022   0.5991
  10.000   2.1472   0.04758   0.04261  -0.1920   0.0022   0.6090
  11.000   2.1957   0.05089   0.04606  -0.1816   0.0021   0.6189
  12.000   2.2311   0.05521   0.05054  -0.1697   0.0021   0.6284
  13.000   2.2606   0.06015   0.05568  -0.1579   0.0020   0.6374
  14.000   2.2708   0.06700   0.06274  -0.1448   0.0018   0.6457
  15.000   2.2683   0.07559   0.07158  -0.1324   0.0017   0.6530
  17.000   2.2246   0.10037   0.09698  -0.1161   0.0015   0.6662
  18.000   2.1721   0.11888   0.11591  -0.1163   0.0014   0.6706
  19.000   2.1355   0.13658   0.13389  -0.1226   0.0014   0.6762

