 -24.000  -0.9488   0.06575   0.06314  -0.1569   0.8316   0.0030
 -23.000  -0.9827   0.04923   0.04638  -0.1676   0.8318   0.0031
 -18.000  -0.7454   0.01768   0.01420  -0.1977   0.8334   0.0040
 -17.000  -0.6347   0.01515   0.01163  -0.2070   0.8338   0.0044
 -16.000  -0.5118   0.01300   0.00945  -0.2173   0.8341   0.0054
 -15.000  -0.3830   0.01142   0.00786  -0.2270   0.8344   0.0063
 -14.000  -0.2517   0.01017   0.00662  -0.2363   0.8348   0.0076
 -13.000  -0.1198   0.00917   0.00566  -0.2449   0.8353   0.0100
 -12.000   0.0103   0.00844   0.00497  -0.2523   0.8358   0.0134
 -11.000   0.1389   0.00788   0.00447  -0.2588   0.8364   0.0208
 -10.000   0.2665   0.00740   0.00411  -0.2648   0.8369   0.0392
  -9.000   0.3929   0.00698   0.00386  -0.2702   0.8375   0.0840
  -8.000   0.5187   0.00657   0.00372  -0.2752   0.8380   0.1739
  -7.000   0.6449   0.00610   0.00366  -0.2802   0.8386   0.3354
  -6.000   0.7687   0.00550   0.00322  -0.2839   0.8322   0.4297
  -5.000   0.8674   0.00488   0.00190  -0.2817   0.6729   0.4556
  -3.000   0.8492   0.01406   0.00945  -0.2342   0.1812   0.4844
  -2.000   0.9389   0.01488   0.00986  -0.2300   0.0670   0.4984
  -1.000   1.0344   0.01561   0.01040  -0.2270   0.0291   0.5071
   0.000   1.1313   0.01632   0.01102  -0.2242   0.0180   0.5157
   1.000   1.2275   0.01706   0.01169  -0.2212   0.0117   0.5251
   2.000   1.3232   0.01784   0.01244  -0.2181   0.0092   0.5345
   4.000   1.5093   0.01965   0.01421  -0.2108   0.0058   0.5546
   5.000   1.5991   0.02075   0.01531  -0.2064   0.0046   0.5653
   6.000   1.6869   0.02192   0.01651  -0.2019   0.0043   0.5768
   7.000   1.7701   0.02339   0.01801  -0.1964   0.0034   0.5886
   8.000   1.8490   0.02500   0.01968  -0.1904   0.0032   0.6005
   9.000   1.9235   0.02687   0.02162  -0.1836   0.0030   0.6122
  10.000   1.9893   0.02927   0.02414  -0.1755   0.0025   0.6250
  11.000   2.0501   0.03192   0.02691  -0.1669   0.0024   0.6370
  12.000   2.1027   0.03508   0.03020  -0.1574   0.0024   0.6489
  13.000   2.1466   0.03885   0.03414  -0.1470   0.0023   0.6604
  14.000   2.1809   0.04343   0.03889  -0.1361   0.0022   0.6707
  15.000   2.2028   0.04916   0.04483  -0.1245   0.0021   0.6804
  16.000   2.2114   0.05647   0.05237  -0.1130   0.0020   0.6893
  17.000   2.2002   0.06671   0.06289  -0.1025   0.0019   0.6969
  18.000   2.1676   0.08116   0.07769  -0.0957   0.0017   0.7030
  19.000   2.1275   0.09839   0.09526  -0.0946   0.0017   0.7092
  20.000   2.0438   0.12497   0.12232  -0.1044   0.0016   0.7118
  21.000   1.9135   0.16552   0.16347  -0.1357   0.0017   0.7134
  22.000   1.4930   0.34634   0.34559  -0.3028   0.0005   0.6842
