 -35.000  -3.1545   0.00000  -0.00085  -0.0906   0.0000   0.0000
 -34.000  -3.0479   0.00000  -0.00082  -0.0941   0.0000   0.0000
 -33.000  -2.9403   0.00000  -0.00079  -0.0977   0.0000   0.0000
 -32.000  -2.8317   0.00000  -0.00076  -0.1012   0.0000   0.0000
 -31.000  -2.7224   0.00000  -0.00073  -0.1048   0.0000   0.0000
 -30.000  -2.6122   0.00000  -0.00070  -0.1084   0.0000   0.0000
 -29.000  -2.5012   0.00000  -0.00067  -0.1119   0.0000   0.0000
 -28.000  -2.3895   0.00000  -0.00063  -0.1155   0.0000   0.0000
 -27.000  -2.2770   0.00000  -0.00060  -0.1190   0.0000   0.0000
 -26.000  -2.1638   0.00000  -0.00057  -0.1225   0.0000   0.0000
 -25.000  -2.0500   0.00000  -0.00054  -0.1260   0.0000   0.0000
 -24.000  -1.9355   0.00000  -0.00051  -0.1295   0.0000   0.0000
 -23.000  -1.8205   0.00000  -0.00048  -0.1329   0.0000   0.0000
 -22.000  -1.7049   0.00000  -0.00045  -0.1363   0.0000   0.0000
 -21.000  -1.5888   0.00000  -0.00042  -0.1396   0.0000   0.0000
 -20.000  -1.4722   0.00000  -0.00040  -0.1429   0.0000   0.0000
 -19.000  -1.3552   0.00000  -0.00037  -0.1462   0.0000   0.0000
 -18.000  -1.2378   0.00000  -0.00035  -0.1494   0.0000   0.0000
 -17.000  -1.1199   0.00000  -0.00032  -0.1525   0.0000   0.0000
 -16.000  -1.0018   0.00000  -0.00030  -0.1556   0.0000   0.0000
 -15.000  -0.8833   0.00000  -0.00028  -0.1586   0.0000   0.0000
 -14.000  -0.7646   0.00000  -0.00026  -0.1615   0.0000   0.0000
 -13.000  -0.6456   0.00000  -0.00024  -0.1644   0.0000   0.0000
 -12.000  -0.5265   0.00000  -0.00022  -0.1672   0.0000   0.0000
 -11.000  -0.4071   0.00000  -0.00021  -0.1699   0.0000   0.0000
 -10.000  -0.2877   0.00000  -0.00020  -0.1726   0.0000   0.0000
  -9.000  -0.1682   0.00000  -0.00018  -0.1751   0.0000   0.0000
  -8.000  -0.0486   0.00000  -0.00017  -0.1776   0.0000   0.0000
  -7.000   0.0710   0.00000  -0.00017  -0.1800   0.0000   0.0000
  -6.000   0.1906   0.00000  -0.00016  -0.1823   0.0000   0.0000
  -5.000   0.3101   0.00000  -0.00015  -0.1845   0.0000   0.0000
  -4.000   0.4295   0.00000  -0.00015  -0.1865   0.0000   0.0000
  -3.000   0.5488   0.00000  -0.00015  -0.1885   0.0000   0.0000
  -2.000   0.6679   0.00000  -0.00015  -0.1904   0.0000   0.0000
  -1.000   0.7868   0.00000  -0.00015  -0.1922   0.0000   0.0000
   0.000   0.9055   0.00000  -0.00016  -0.1938   0.0000   0.0000
   1.000   1.0239   0.00000  -0.00017  -0.1954   0.0000   0.0000
   2.000   1.1420   0.00000  -0.00017  -0.1968   0.0000   0.0000
   3.000   1.2597   0.00000  -0.00018  -0.1981   0.0000   0.0000
   4.000   1.3771   0.00000  -0.00020  -0.1994   0.0000   0.0000
   5.000   1.4940   0.00000  -0.00021  -0.2004   0.0000   0.0000
   6.000   1.6105   0.00000  -0.00022  -0.2014   0.0000   0.0000
   7.000   1.7265   0.00000  -0.00024  -0.2023   0.0000   0.0000
   8.000   1.8420   0.00000  -0.00026  -0.2030   0.0000   0.0000
   9.000   1.9569   0.00000  -0.00028  -0.2036   0.0000   0.0000
  10.000   2.0712   0.00000  -0.00030  -0.2041   0.0000   0.0000
  11.000   2.1849   0.00000  -0.00032  -0.2044   0.0000   0.0000
  12.000   2.2979   0.00000  -0.00035  -0.2047   0.0000   0.0000
  13.000   2.4102   0.00000  -0.00037  -0.2048   0.0000   0.0000
  14.000   2.5218   0.00000  -0.00040  -0.2048   0.0000   0.0000
  15.000   2.6327   0.00000  -0.00043  -0.2046   0.0000   0.0000
  16.000   2.7427   0.00000  -0.00046  -0.2044   0.0000   0.0000
  17.000   2.8519   0.00000  -0.00049  -0.2040   0.0000   0.0000
  18.000   2.9602   0.00000  -0.00052  -0.2035   0.0000   0.0000
  19.000   3.0676   0.00000  -0.00055  -0.2028   0.0000   0.0000
  20.000   3.1741   0.00000  -0.00058  -0.2021   0.0000   0.0000
  21.000   3.2796   0.00000  -0.00062  -0.2012   0.0000   0.0000
  22.000   3.3842   0.00000  -0.00065  -0.2002   0.0000   0.0000
  23.000   3.4876   0.00000  -0.00068  -0.1991   0.0000   0.0000
  24.000   3.5901   0.00000  -0.00072  -0.1979   0.0000   0.0000
  25.000   3.6914   0.00000  -0.00075  -0.1965   0.0000   0.0000
  26.000   3.7917   0.00000  -0.00079  -0.1951   0.0000   0.0000
  27.000   3.8907   0.00000  -0.00082  -0.1935   0.0000   0.0000
  28.000   3.9886   0.00000  -0.00085  -0.1918   0.0000   0.0000
  29.000   4.0853   0.00000  -0.00089  -0.1900   0.0000   0.0000
  30.000   4.1807   0.00000  -0.00092  -0.1881   0.0000   0.0000
  31.000   4.2749   0.00000  -0.00095  -0.1861   0.0000   0.0000
  32.000   4.3677   0.00000  -0.00099  -0.1840   0.0000   0.0000
  33.000   4.4593   0.00000  -0.00102  -0.1818   0.0000   0.0000
  34.000   4.5494   0.00000  -0.00105  -0.1795   0.0000   0.0000
  35.000   4.6382   0.00000  -0.00108  -0.1771   0.0000   0.0000
