   0.99940  0.48340
   0.99561  0.20923
   0.98897  0.14944
   0.98121  0.10422
   0.97261  0.06720
   0.96346  0.03706
   0.95402  0.01125
   0.94442 -0.01226
   0.93475 -0.03266
   0.92504 -0.05260
   0.91531 -0.06965
   0.90556 -0.08673
   0.89580 -0.10297
   0.88603 -0.11726
   0.87625 -0.13216
   0.86647 -0.14640
   0.85668 -0.15969
   0.84689 -0.17255
   0.83709 -0.18612
   0.82729 -0.19910
   0.81750 -0.21133
   0.80770 -0.22390
   0.79791 -0.23629
   0.78811 -0.24822
   0.77832 -0.25957
   0.76852 -0.27130
   0.75872 -0.28222
   0.74892 -0.29325
   0.73912 -0.30457
   0.72933 -0.31532
   0.71953 -0.32570
   0.70973 -0.33597
   0.69993 -0.34606
   0.69012 -0.35614
   0.68032 -0.36648
   0.67052 -0.37631
   0.66072 -0.38622
   0.65093 -0.39560
   0.64113 -0.40543
   0.63134 -0.41572
   0.62156 -0.42458
   0.61178 -0.43419
   0.60201 -0.44297
   0.59224 -0.45224
   0.58249 -0.46023
   0.57274 -0.46765
   0.56299 -0.47495
   0.55324 -0.48061
   0.54348 -0.48602
   0.53373 -0.49085
   0.52396 -0.49484
   0.51419 -0.49851
   0.50441 -0.50177
   0.49463 -0.50456
   0.48483 -0.50730
   0.47503 -0.50936
   0.46522 -0.51087
   0.45541 -0.51308
   0.44558 -0.51484
   0.43575 -0.51673
   0.42592 -0.51830
   0.41608 -0.52020
   0.40624 -0.52252
   0.39640 -0.52430
   0.38656 -0.52741
   0.37672 -0.52917
   0.36689 -0.53191
   0.35706 -0.53425
   0.34723 -0.53643
   0.33741 -0.53933
   0.32759 -0.54229
   0.31777 -0.54413
   0.30796 -0.54724
   0.29815 -0.54954
   0.28835 -0.55224
   0.27855 -0.55584
   0.26877 -0.55939
   0.25899 -0.56253
   0.24923 -0.56634
   0.23948 -0.57009
   0.22974 -0.57432
   0.22002 -0.57796
   0.21031 -0.58286
   0.20062 -0.58769
   0.19095 -0.59233
   0.18130 -0.59816
   0.17168 -0.60393
   0.16209 -0.61031
   0.15253 -0.61638
   0.14301 -0.62370
   0.13352 -0.63101
   0.12409 -0.63922
   0.11471 -0.64868
   0.10539 -0.66012
   0.09617 -0.67145
   0.08706 -0.68596
   0.07809 -0.70174
   0.06932 -0.72076
   0.06082 -0.74199
   0.05271 -0.76821
   0.04512 -0.79885
   0.03821 -0.83366
   0.03210 -0.87631
   0.02683 -0.91976
   0.02235 -0.96490
   0.01857 -1.01153
   0.01537 -1.05162
   0.01266 -1.09178
   0.01035 -1.11857
   0.00837 -1.14296
   0.00666 -1.15452
   0.00519 -1.14181
   0.00393 -1.12429
   0.00286 -1.06044
   0.00197 -0.96539
   0.00124 -0.83117
   0.00069 -0.63360
   0.00030 -0.38232
   0.00008 -0.11047
   0.00000  0.15520
   0.00006  0.41888
   0.00027  0.64432
   0.00063  0.81608
   0.00117  0.92975
   0.00188  0.98715
   0.00275  0.99965
   0.00380  0.98135
   0.00503  0.94418
   0.00647  0.89333
   0.00815  0.83629
   0.01011  0.77536
   0.01238  0.71221
   0.01505  0.64977
   0.01818  0.58703
   0.02189  0.52565
   0.02627  0.46591
   0.03140  0.40921
   0.03734  0.35554
   0.04406  0.30677
   0.05144  0.26310
   0.05938  0.22484
   0.06772  0.19099
   0.07638  0.16141
   0.08526  0.13546
   0.09431  0.11216
   0.10349  0.09078
   0.11277  0.07174
   0.12212  0.05361
   0.13154  0.03758
   0.14101  0.02289
   0.15052  0.00888
   0.16008 -0.00407
   0.16967 -0.01649
   0.17929 -0.02804
   0.18892 -0.03914
   0.19858 -0.04984
   0.20826 -0.06032
   0.21796 -0.06967
   0.22767 -0.07948
   0.23739 -0.08924
   0.24711 -0.09878
   0.25684 -0.10851
   0.26657 -0.11758
   0.27629 -0.12809
   0.28600 -0.13747
   0.29569 -0.14765
   0.30536 -0.15709
   0.31501 -0.16648
   0.32464 -0.17488
   0.33424 -0.18274
   0.34383 -0.18888
   0.35340 -0.19471
   0.36296 -0.19828
   0.37251 -0.20114
   0.38205 -0.20279
   0.39159 -0.20257
   0.40113 -0.20070
   0.41068 -0.19816
   0.42023 -0.19349
   0.42979 -0.18853
   0.43936 -0.18194
   0.44895 -0.17395
   0.45855 -0.16541
   0.46818 -0.15587
   0.47782 -0.14611
   0.48747 -0.13447
   0.49716 -0.12401
   0.50686 -0.11166
   0.51659 -0.09950
   0.52634 -0.08745
   0.53611 -0.07556
   0.54590 -0.06313
   0.55571 -0.05115
   0.56553 -0.03841
   0.57538 -0.02722
   0.58524 -0.01486
   0.59511 -0.00317
   0.60500  0.00827
   0.61491  0.02002
   0.62483  0.03162
   0.63476  0.04282
   0.64471  0.05387
   0.65466  0.06550
   0.66462  0.07635
   0.67457  0.08720
   0.68451  0.09858
   0.69444  0.10851
   0.70435  0.11934
   0.71425  0.12958
   0.72412  0.13954
   0.73399  0.15000
   0.74383  0.15942
   0.75366  0.16842
   0.76348  0.17768
   0.77328  0.18666
   0.78308  0.19420
   0.79286  0.20321
   0.80264  0.21034
   0.81241  0.21918
   0.82215  0.22649
   0.83189  0.23461
   0.84160  0.24182
   0.85129  0.24948
   0.86097  0.25628
   0.87062  0.26270
   0.88024  0.27014
   0.88983  0.27581
   0.89939  0.28141
   0.90891  0.28753
   0.91839  0.29134
   0.92783  0.29561
   0.93722  0.29922
   0.94653  0.30042
   0.95573  0.30250
   0.96477  0.30074
   0.97355  0.29795
   0.98189  0.29466
   0.98950  0.28718
   0.99616  0.30357
   1.00000  0.48340
