   0.99940  0.47670
   0.99561  0.21690
   0.98897  0.15154
   0.98121  0.10164
   0.97261  0.06098
   0.96346  0.02742
   0.95402 -0.00270
   0.94442 -0.02938
   0.93475 -0.05309
   0.92504 -0.07688
   0.91531 -0.09712
   0.90556 -0.11744
   0.89580 -0.13713
   0.88603 -0.15430
   0.87625 -0.17259
   0.86647 -0.19011
   0.85668 -0.20675
   0.84689 -0.22254
   0.83709 -0.23946
   0.82729 -0.25583
   0.81750 -0.27086
   0.80770 -0.28735
   0.79791 -0.30256
   0.78811 -0.31817
   0.77832 -0.33254
   0.76852 -0.34820
   0.75872 -0.36200
   0.74892 -0.37668
   0.73912 -0.39157
   0.72933 -0.40603
   0.71953 -0.41963
   0.70973 -0.43391
   0.69993 -0.44713
   0.69012 -0.46147
   0.68032 -0.47524
   0.67052 -0.48912
   0.66072 -0.50298
   0.65093 -0.51600
   0.64113 -0.53035
   0.63134 -0.54425
   0.62156 -0.55726
   0.61178 -0.57164
   0.60201 -0.58393
   0.59224 -0.59811
   0.58249 -0.61020
   0.57274 -0.62213
   0.56299 -0.63392
   0.55324 -0.64377
   0.54348 -0.65340
   0.53373 -0.66289
   0.52396 -0.67125
   0.51419 -0.67933
   0.50441 -0.68708
   0.49463 -0.69452
   0.48483 -0.70171
   0.47503 -0.70866
   0.46522 -0.71481
   0.45541 -0.72172
   0.44558 -0.72861
   0.43575 -0.73544
   0.42592 -0.74232
   0.41608 -0.74947
   0.40624 -0.75724
   0.39640 -0.76489
   0.38656 -0.77380
   0.37672 -0.78158
   0.36689 -0.79058
   0.35706 -0.79956
   0.34723 -0.80822
   0.33741 -0.81806
   0.32759 -0.82842
   0.31777 -0.83749
   0.30796 -0.84845
   0.29815 -0.85869
   0.28835 -0.86987
   0.27855 -0.88237
   0.26877 -0.89519
   0.25899 -0.90815
   0.24923 -0.92225
   0.23948 -0.93676
   0.22974 -0.95250
   0.22002 -0.96818
   0.21031 -0.98602
   0.20062 -1.00456
   0.19095 -1.02396
   0.18130 -1.04553
   0.17168 -1.06836
   0.16209 -1.09316
   0.15253 -1.11901
   0.14301 -1.14806
   0.13352 -1.17917
   0.12409 -1.21374
   0.11471 -1.25257
   0.10539 -1.29707
   0.09617 -1.34579
   0.08706 -1.40304
   0.07809 -1.46807
   0.06932 -1.54462
   0.06082 -1.63322
   0.05271 -1.73926
   0.04512 -1.86407
   0.03821 -2.00947
   0.03210 -2.18090
   0.02683 -2.36940
   0.02235 -2.57464
   0.01857 -2.79956
   0.01537 -3.02976
   0.01266 -3.27941
   0.01035 -3.52518
   0.00837 -3.79202
   0.00666 -4.06168
   0.00519 -4.31514
   0.00393 -4.59229
   0.00286 -4.80313
   0.00197 -4.97512
   0.00124 -5.08410
   0.00069 -5.02463
   0.00030 -4.74912
   0.00008 -4.32790
   0.00000 -3.79762
   0.00006 -3.08306
   0.00027 -2.32878
   0.00063 -1.60456
   0.00117 -0.92930
   0.00188 -0.36273
   0.00275  0.06685
   0.00380  0.38739
   0.00503  0.61841
   0.00647  0.78101
   0.00815  0.88860
   0.01011  0.95522
   0.01238  0.98990
   0.01505  1.00000
   0.01818  0.99097
   0.02189  0.96687
   0.02627  0.93124
   0.03140  0.88725
   0.03734  0.83789
   0.04406  0.78652
   0.05144  0.73565
   0.05938  0.68724
   0.06772  0.64190
   0.07638  0.60025
   0.08526  0.56219
   0.09431  0.52717
   0.10349  0.49469
   0.11277  0.46501
   0.12212  0.43699
   0.13154  0.41141
   0.14101  0.38759
   0.15052  0.36502
   0.16008  0.34389
   0.16967  0.32380
   0.17929  0.30486
   0.18892  0.28684
   0.19858  0.26944
   0.20826  0.25272
   0.21796  0.23720
   0.22767  0.22169
   0.23739  0.20647
   0.24711  0.19173
   0.25684  0.17703
   0.26657  0.16330
   0.27629  0.14840
   0.28600  0.13478
   0.29569  0.12062
   0.30536  0.10725
   0.31501  0.09383
   0.32464  0.08174
   0.33424  0.06987
   0.34383  0.05960
   0.35340  0.04969
   0.36296  0.04187
   0.37251  0.03463
   0.38205  0.02842
   0.39159  0.02386
   0.40113  0.02102
   0.41068  0.01866
   0.42023  0.01833
   0.42979  0.01813
   0.43936  0.01973
   0.44895  0.02254
   0.45855  0.02576
   0.46818  0.03034
   0.47782  0.03476
   0.48747  0.04159
   0.49716  0.04676
   0.50686  0.05427
   0.51659  0.06158
   0.52634  0.06874
   0.53611  0.07601
   0.54590  0.08396
   0.55571  0.09147
   0.56553  0.10018
   0.57538  0.10679
   0.58524  0.11548
   0.59511  0.12306
   0.60500  0.13053
   0.61491  0.13874
   0.62483  0.14667
   0.63476  0.15438
   0.64471  0.16159
   0.65466  0.17037
   0.66462  0.17756
   0.67457  0.18533
   0.68451  0.19374
   0.69444  0.20039
   0.70435  0.20835
   0.71425  0.21569
   0.72412  0.22303
   0.73399  0.23072
   0.74383  0.23744
   0.75366  0.24367
   0.76348  0.25064
   0.77328  0.25728
   0.78308  0.26221
   0.79286  0.26940
   0.80264  0.27374
   0.81241  0.28056
   0.82215  0.28569
   0.83189  0.29156
   0.84160  0.29653
   0.85129  0.30236
   0.86097  0.30691
   0.87062  0.31118
   0.88024  0.31670
   0.88983  0.32062
   0.89939  0.32385
   0.90891  0.32834
   0.91839  0.32978
   0.92783  0.33261
   0.93722  0.33392
   0.94653  0.33306
   0.95573  0.33327
   0.96477  0.32935
   0.97355  0.32401
   0.98189  0.31847
   0.98950  0.30881
   0.99616  0.32178
   1.00000  0.47670
