   0.99940  0.47538
   0.99561  0.22920
   0.98897  0.15990
   0.98121  0.10661
   0.97261  0.06335
   0.96346  0.02728
   0.95402 -0.00612
   0.94442 -0.03517
   0.93475 -0.06140
   0.92504 -0.08816
   0.91531 -0.11087
   0.90556 -0.13368
   0.89580 -0.15607
   0.88603 -0.17549
   0.87625 -0.19643
   0.86647 -0.21653
   0.85668 -0.23581
   0.84689 -0.25393
   0.83709 -0.27350
   0.82729 -0.29257
   0.81750 -0.30982
   0.80770 -0.32945
   0.79791 -0.34690
   0.78811 -0.36549
   0.77832 -0.38228
   0.76852 -0.40112
   0.75872 -0.41725
   0.74892 -0.43489
   0.73912 -0.45269
   0.72933 -0.47018
   0.71953 -0.48640
   0.70973 -0.50397
   0.69993 -0.51976
   0.69012 -0.53762
   0.68032 -0.55421
   0.67052 -0.57143
   0.66072 -0.58856
   0.65093 -0.60460
   0.64113 -0.62272
   0.63134 -0.63961
   0.62156 -0.65609
   0.61178 -0.67448
   0.60201 -0.68970
   0.59224 -0.70802
   0.58249 -0.72357
   0.57274 -0.73932
   0.56299 -0.75493
   0.55324 -0.76835
   0.54348 -0.78161
   0.53373 -0.79511
   0.52396 -0.80724
   0.51419 -0.81915
   0.50441 -0.83078
   0.49463 -0.84230
   0.48483 -0.85338
   0.47503 -0.86462
   0.46522 -0.87484
   0.45541 -0.88590
   0.44558 -0.89733
   0.43575 -0.90852
   0.42592 -0.92013
   0.41608 -0.93194
   0.40624 -0.94457
   0.39640 -0.95746
   0.38656 -0.97154
   0.37672 -0.98474
   0.36689 -0.99934
   0.35706 -1.01431
   0.34723 -1.02883
   0.33741 -1.04495
   0.32759 -1.06202
   0.31777 -1.07768
   0.30796 -1.09582
   0.29815 -1.11332
   0.28835 -1.13229
   0.27855 -1.15297
   0.26877 -1.17436
   0.25899 -1.19641
   0.24923 -1.22006
   0.23948 -1.24459
   0.22974 -1.27110
   0.22002 -1.29809
   0.21031 -1.32812
   0.20062 -1.35963
   0.19095 -1.39305
   0.18130 -1.42962
   0.17168 -1.46880
   0.16209 -1.51133
   0.15253 -1.55631
   0.14301 -1.60651
   0.13352 -1.66091
   0.12409 -1.72142
   0.11471 -1.78934
   0.10539 -1.86675
   0.09617 -1.95306
   0.08706 -2.05353
   0.07809 -2.16883
   0.06932 -2.30461
   0.06082 -2.46337
   0.05271 -2.65335
   0.04512 -2.87842
   0.03821 -3.14312
   0.03210 -3.45513
   0.02683 -3.80457
   0.02235 -4.19024
   0.01857 -4.61934
   0.01537 -5.07180
   0.01266 -5.57061
   0.01035 -6.08370
   0.00837 -6.65239
   0.00666 -7.25238
   0.00519 -7.85998
   0.00393 -8.53863
   0.00286 -9.15042
   0.00197 -9.73847
   0.00124-10.26507
   0.00069-10.52738
   0.00030-10.39400
   0.00008 -9.97293
   0.00000 -9.29568
   0.00006 -8.17644
   0.00027 -6.89299
   0.00063 -5.57835
   0.00117 -4.25103
   0.00188 -3.05725
   0.00275 -2.08954
   0.00380 -1.31716
   0.00503 -0.70357
   0.00647 -0.22770
   0.00815  0.13705
   0.01011  0.41534
   0.01238  0.62217
   0.01505  0.77357
   0.01818  0.87908
   0.02189  0.94799
   0.02627  0.98623
   0.03140  0.99977
   0.03734  0.99395
   0.04406  0.97413
   0.05144  0.94524
   0.05938  0.91144
   0.06772  0.87549
   0.07638  0.83940
   0.08526  0.80423
   0.09431  0.77034
   0.10349  0.73786
   0.11277  0.70721
   0.12212  0.67778
   0.13154  0.65021
   0.14101  0.62407
   0.15052  0.59905
   0.16008  0.57530
   0.16967  0.55258
   0.17929  0.53090
   0.18892  0.51017
   0.19858  0.49004
   0.20826  0.47069
   0.21796  0.45242
   0.22767  0.43434
   0.23739  0.41660
   0.24711  0.39941
   0.25684  0.38234
   0.26657  0.36633
   0.27629  0.34930
   0.28600  0.33357
   0.29569  0.31741
   0.30536  0.30203
   0.31501  0.28650
   0.32464  0.27244
   0.33424  0.25837
   0.34383  0.24573
   0.35340  0.23345
   0.36296  0.22309
   0.37251  0.21318
   0.38205  0.20413
   0.39159  0.19653
   0.40113  0.19065
   0.41068  0.18508
   0.42023  0.18142
   0.42979  0.17777
   0.43936  0.17598
   0.44895  0.17522
   0.45855  0.17478
   0.46818  0.17588
   0.47782  0.17658
   0.48747  0.17998
   0.49716  0.18142
   0.50686  0.18546
   0.51659  0.18929
   0.52634  0.19292
   0.53611  0.19686
   0.54590  0.20155
   0.55571  0.20580
   0.56553  0.21153
   0.57538  0.21482
   0.58524  0.22080
   0.59511  0.22534
   0.60500  0.22988
   0.61491  0.23545
   0.62483  0.24065
   0.63476  0.24576
   0.64471  0.25012
   0.65466  0.25672
   0.66462  0.26119
   0.67457  0.26663
   0.68451  0.27278
   0.69444  0.27697
   0.70435  0.28274
   0.71425  0.28788
   0.72412  0.29322
   0.73399  0.29878
   0.74383  0.30344
   0.75366  0.30757
   0.76348  0.31277
   0.77328  0.31760
   0.78308  0.32055
   0.79286  0.32630
   0.80264  0.32853
   0.81241  0.33376
   0.82215  0.33723
   0.83189  0.34135
   0.84160  0.34459
   0.85129  0.34898
   0.86097  0.35179
   0.87062  0.35440
   0.88024  0.35842
   0.88983  0.36097
   0.89939  0.36237
   0.90891  0.36559
   0.91839  0.36519
   0.92783  0.36690
   0.93722  0.36643
   0.94653  0.36400
   0.95573  0.36276
   0.96477  0.35720
   0.97355  0.34993
   0.98189  0.34268
   0.98950  0.33140
   0.99616  0.34159
   1.00000  0.47538
