   0.99940  0.53493
   0.99561  0.23677
   0.98897  0.19695
   0.98121  0.16805
   0.97261  0.14367
   0.96346  0.12511
   0.95402  0.11303
   0.94442  0.09983
   0.93475  0.08990
   0.92504  0.08183
   0.91531  0.07463
   0.90556  0.06744
   0.89580  0.06160
   0.88603  0.05602
   0.87625  0.05115
   0.86647  0.04661
   0.85668  0.04308
   0.84689  0.03883
   0.83709  0.03498
   0.82729  0.03175
   0.81750  0.02765
   0.80770  0.02609
   0.79791  0.02184
   0.78811  0.02023
   0.77832  0.01739
   0.76852  0.01649
   0.75872  0.01367
   0.74892  0.01266
   0.73912  0.01114
   0.72933  0.01047
   0.71953  0.00886
   0.70973  0.00931
   0.69993  0.00774
   0.69012  0.00889
   0.68032  0.00774
   0.67052  0.00851
   0.66072  0.00895
   0.65093  0.00912
   0.64113  0.01093
   0.63134  0.01009
   0.62156  0.01183
   0.61178  0.01429
   0.60201  0.01453
   0.59224  0.01755
   0.58249  0.01980
   0.57274  0.02347
   0.56299  0.02716
   0.55324  0.03158
   0.54348  0.03629
   0.53373  0.04246
   0.52396  0.04867
   0.51419  0.05523
   0.50441  0.06224
   0.49463  0.07003
   0.48483  0.07734
   0.47503  0.08614
   0.46522  0.09481
   0.45541  0.10296
   0.44558  0.11236
   0.43575  0.12113
   0.42592  0.13094
   0.41608  0.14021
   0.40624  0.14947
   0.39640  0.15999
   0.38656  0.16911
   0.37672  0.17977
   0.36689  0.18991
   0.35706  0.20108
   0.34723  0.21197
   0.33741  0.22301
   0.32759  0.23476
   0.31777  0.24700
   0.30796  0.25923
   0.29815  0.27211
   0.28835  0.28549
   0.27855  0.29871
   0.26877  0.31248
   0.25899  0.32731
   0.24923  0.34219
   0.23948  0.35767
   0.22974  0.37379
   0.22002  0.39095
   0.21031  0.40823
   0.20062  0.42645
   0.19095  0.44602
   0.18130  0.46573
   0.17168  0.48694
   0.16209  0.50907
   0.15253  0.53262
   0.14301  0.55718
   0.13352  0.58354
   0.12409  0.61142
   0.11471  0.64083
   0.10539  0.67163
   0.09617  0.70530
   0.08706  0.74014
   0.07809  0.77742
   0.06932  0.81627
   0.06082  0.85661
   0.05271  0.89656
   0.04512  0.93442
   0.03821  0.96723
   0.03210  0.99039
   0.02683  0.99997
   0.02235  0.99112
   0.01857  0.95879
   0.01537  0.89740
   0.01266  0.80002
   0.01035  0.65813
   0.00837  0.45933
   0.00666  0.18985
   0.00519 -0.17137
   0.00393 -0.64361
   0.00286 -1.24998
   0.00197 -2.01726
   0.00124 -2.97858
   0.00069 -4.08179
   0.00030 -5.19423
   0.00008 -6.30674
   0.00000 -7.31317
   0.00006 -7.98104
   0.00027 -8.41086
   0.00063 -8.62223
   0.00117 -8.48220
   0.00188 -8.11205
   0.00275 -7.64825
   0.00380 -7.18233
   0.00503 -6.63622
   0.00647 -6.15252
   0.00815 -5.67271
   0.01011 -5.21800
   0.01238 -4.80709
   0.01505 -4.40857
   0.01818 -4.05055
   0.02189 -3.71167
   0.02627 -3.40243
   0.03140 -3.11564
   0.03734 -2.86023
   0.04406 -2.63208
   0.05144 -2.43275
   0.05938 -2.25989
   0.06772 -2.11218
   0.07638 -1.98541
   0.08526 -1.87595
   0.09431 -1.78161
   0.10349 -1.70040
   0.11277 -1.62863
   0.12212 -1.56654
   0.13154 -1.50997
   0.14101 -1.45869
   0.15052 -1.41307
   0.16008 -1.37129
   0.16967 -1.33383
   0.17929 -1.29896
   0.18892 -1.26753
   0.19858 -1.23822
   0.20826 -1.21201
   0.21796 -1.18625
   0.22767 -1.16382
   0.23739 -1.14320
   0.24711 -1.12424
   0.25684 -1.10700
   0.26657 -1.09123
   0.27629 -1.07804
   0.28600 -1.06523
   0.29569 -1.05440
   0.30536 -1.04361
   0.31501 -1.03261
   0.32464 -1.02263
   0.33424 -1.01108
   0.34383 -0.99783
   0.35340 -0.98479
   0.36296 -0.96947
   0.37251 -0.95317
   0.38205 -0.93528
   0.39159 -0.91517
   0.40113 -0.89419
   0.41068 -0.87190
   0.42023 -0.84763
   0.42979 -0.82261
   0.43936 -0.79702
   0.44895 -0.76956
   0.45855 -0.74122
   0.46818 -0.71352
   0.47782 -0.68423
   0.48747 -0.65553
   0.49716 -0.62599
   0.50686 -0.59666
   0.51659 -0.56756
   0.52634 -0.53839
   0.53611 -0.51049
   0.54590 -0.48273
   0.55571 -0.45541
   0.56553 -0.42912
   0.57538 -0.40221
   0.58524 -0.37776
   0.59511 -0.35219
   0.60500 -0.32748
   0.61491 -0.30408
   0.62483 -0.28040
   0.63476 -0.25777
   0.64471 -0.23407
   0.65466 -0.21336
   0.66462 -0.19056
   0.67457 -0.16983
   0.68451 -0.14904
   0.69444 -0.12849
   0.70435 -0.10863
   0.71425 -0.08918
   0.72412 -0.07104
   0.73399 -0.05191
   0.74383 -0.03398
   0.75366 -0.01626
   0.76348  0.00005
   0.77328  0.01626
   0.78308  0.03205
   0.79286  0.04649
   0.80264  0.06241
   0.81241  0.07737
   0.82215  0.09134
   0.83189  0.10633
   0.84160  0.12042
   0.85129  0.13355
   0.86097  0.14723
   0.87062  0.16023
   0.88024  0.17337
   0.88983  0.18431
   0.89939  0.19718
   0.90891  0.20812
   0.91839  0.21928
   0.92783  0.22783
   0.93722  0.23851
   0.94653  0.24614
   0.95573  0.25397
   0.96477  0.25911
   0.97355  0.26441
   0.98189  0.26829
   0.98950  0.26801
   0.99616  0.29371
   1.00000  0.53493
