   1   0.99940   0.00013   0.00000    -11.983       0.906
   2   0.99562   0.00092   0.00387    -11.782       0.906
   3   0.98897   0.00229   0.01065    -11.505       0.517
   4   0.98121   0.00386   0.01856    -11.292       0.427
   5   0.97261   0.00556   0.02734    -11.078       0.424
   6   0.96346   0.00733   0.03665    -10.871       0.351
   7   0.95402   0.00913   0.04626    -10.685       0.324
   8   0.94442   0.01092   0.05603    -10.506       0.318
   9   0.93475   0.01270   0.06586    -10.333       0.294
  10   0.92504   0.01446   0.07573    -10.169       0.288
  11   0.91531   0.01619   0.08561    -10.009       0.277
  12   0.90556   0.01790   0.09551     -9.856       0.263
  13   0.89580   0.01958   0.10541     -9.698       0.294
  14   0.88603   0.02123   0.11532     -9.546       0.240
  15   0.87625   0.02286   0.12524     -9.403       0.263
  16   0.86647   0.02447   0.13515     -9.256       0.255
  17   0.85668   0.02605   0.14507     -9.106       0.272
  18   0.84689   0.02761   0.15498     -8.963       0.232
  19   0.83709   0.02914   0.16490     -8.822       0.268
  20   0.82730   0.03065   0.17481     -8.670       0.268
  21   0.81750   0.03213   0.18472     -8.511       0.293
  22   0.80770   0.03358   0.19462     -8.358       0.246
  23   0.79791   0.03501   0.20452     -8.201       0.307
  24   0.78811   0.03641   0.21441     -8.033       0.285
  25   0.77832   0.03777   0.22430     -7.864       0.312
  26   0.76852   0.03911   0.23419     -7.694       0.289
  27   0.75872   0.04042   0.24408     -7.523       0.312
  28   0.74892   0.04170   0.25396     -7.348       0.307
  29   0.73912   0.04295   0.26384     -7.167       0.333
  30   0.72933   0.04416   0.27371     -6.986       0.307
  31   0.71953   0.04535   0.28358     -6.800       0.350
  32   0.70973   0.04650   0.29345     -6.611       0.320
  33   0.69993   0.04762   0.30331     -6.424       0.344
  34   0.69012   0.04871   0.31317     -6.234       0.328
  35   0.68032   0.04976   0.32303     -6.037       0.368
  36   0.67052   0.05078   0.33288     -5.838       0.337
  37   0.66072   0.05177   0.34273     -5.639       0.371
  38   0.65093   0.05271   0.35258     -5.426       0.385
  39   0.64113   0.05363   0.36241     -5.214       0.366
  40   0.63134   0.05450   0.37224     -4.997       0.404
  41   0.62156   0.05534   0.38206     -4.770       0.403
  42   0.61178   0.05613   0.39187     -4.536       0.431
  43   0.60201   0.05689   0.40167     -4.287       0.458
  44   0.59224   0.05760   0.41146     -4.033       0.447
  45   0.58249   0.05826   0.42124     -3.774       0.475
  46   0.57274   0.05888   0.43101     -3.499       0.511
  47   0.56299   0.05946   0.44078     -3.219       0.487
  48   0.55324   0.05998   0.45054     -2.945       0.496
  49   0.54348   0.06046   0.46031     -2.667       0.498
  50   0.53373   0.06089   0.47007     -2.392       0.484
  51   0.52396   0.06128   0.47985     -2.125       0.469
  52   0.51419   0.06162   0.48962     -1.859       0.482
  53   0.50441   0.06191   0.49941     -1.602       0.436
  54   0.49463   0.06216   0.50920     -1.345       0.480
  55   0.48483   0.06237   0.51899     -1.095       0.409
  56   0.47503   0.06254   0.52879     -0.852       0.457
  57   0.46522   0.06266   0.53860     -0.614       0.392
  58   0.45541   0.06275   0.54842     -0.388       0.411
  59   0.44558   0.06279   0.55824     -0.162       0.393
  60   0.43575   0.06280   0.56807      0.056       0.379
  61   0.42592   0.06278   0.57791      0.271       0.385
  62   0.41608   0.06271   0.58775      0.485       0.373
  63   0.40624   0.06261   0.59759      0.689       0.350
  64   0.39640   0.06247   0.60743      0.899       0.394
  65   0.38656   0.06230   0.61727      1.113       0.367
  66   0.37672   0.06209   0.62711      1.321       0.370
  67   0.36689   0.06185   0.63694      1.534       0.386
  68   0.35706   0.06157   0.64678      1.751       0.384
  69   0.34723   0.06125   0.65661      1.966       0.379
  70   0.33741   0.06089   0.66644      2.187       0.406
  71   0.32759   0.06050   0.67627      2.404       0.364
  72   0.31777   0.06007   0.68610      2.632       0.445
  73   0.30796   0.05959   0.69592      2.857       0.355
  74   0.29815   0.05909   0.70574      3.081       0.442
  75   0.28835   0.05854   0.71556      3.312       0.380
  76   0.27856   0.05795   0.72537      3.539       0.427
  77   0.26877   0.05733   0.73518      3.781       0.435
  78   0.25899   0.05666   0.74497      4.027       0.440
  79   0.24923   0.05595   0.75476      4.284       0.476
  80   0.23948   0.05520   0.76454      4.547       0.463
  81   0.22974   0.05440   0.77431      4.812       0.485
  82   0.22002   0.05356   0.78408      5.084       0.488
  83   0.21031   0.05267   0.79383      5.373       0.548
  84   0.20062   0.05173   0.80356      5.670       0.515
  85   0.19095   0.05075   0.81328      5.983       0.608
  86   0.18130   0.04971   0.82299      6.305       0.553
  87   0.17168   0.04862   0.83267      6.647       0.677
  88   0.16209   0.04747   0.84233      7.016       0.657
  89   0.15253   0.04626   0.85196      7.396       0.721
  90   0.14301   0.04499   0.86157      7.797       0.736
  91   0.13352   0.04366   0.87114      8.223       0.813
  92   0.12409   0.04225   0.88069      8.683       0.871
  93   0.11470   0.04078   0.89018      9.168       0.911
  94   0.10539   0.03923   0.89962      9.703       1.067
  95   0.09617   0.03761   0.90898     10.285       1.105
  96   0.08706   0.03590   0.91826     10.928       1.313
  97   0.07809   0.03412   0.92740     11.646       1.427
  98   0.06932   0.03225   0.93637     12.444       1.681
  99   0.06082   0.03030   0.94509     13.362       1.996
 100   0.05271   0.02830   0.95345     14.392       2.304
 101   0.04512   0.02627   0.96130     15.560       2.888
 102   0.03821   0.02426   0.96849     16.885       3.539
 103   0.03210   0.02233   0.97490     18.383       4.621
 104   0.02683   0.02049   0.98049     20.079       5.982
 105   0.02235   0.01877   0.98528     21.930       7.489
 106   0.01857   0.01718   0.98939     23.992      10.047
 107   0.01537   0.01568   0.99291     26.226      12.074
 108   0.01266   0.01428   0.99596     28.682      16.029
 109   0.01035   0.01294   0.99863     31.363      19.038
 110   0.00837   0.01167   1.00099     34.309      24.522
 111   0.00666   0.01043   1.00311     37.609      30.052
 112   0.00519   0.00922   1.00501     41.242      36.635
 113   0.00393   0.00804   1.00673     45.351      46.545
 114   0.00286   0.00687   1.00831     49.961      55.294
 115   0.00197   0.00571   1.00978     55.177      68.788
 116   0.00124   0.00454   1.01116     61.131      82.296
 117   0.00069   0.00338   1.01244     67.881     100.949
 118   0.00030   0.00224   1.01364     75.010     106.328
 119   0.00008   0.00114   1.01477     82.087     113.457
 120   0.00000   0.00007   1.01585     89.558     128.656
 121   0.00006  -0.00101   1.01692     97.020     114.147
 122   0.00027  -0.00210   1.01804    104.155     108.698
 123   0.00063  -0.00324   1.01923    111.278      99.897
 124   0.00117  -0.00440   1.02051    118.069      85.783
 125   0.00188  -0.00557   1.02188    124.080      67.569
 126   0.00275  -0.00674   1.02334    129.294      57.077
 127   0.00380  -0.00792   1.02491    133.936      46.102
 128   0.00503  -0.00910   1.02662    137.984      36.341
 129   0.00647  -0.01032   1.02851    141.553      29.587
 130   0.00815  -0.01158   1.03061    144.835      25.062
 131   0.01011  -0.01288   1.03296    147.737      18.092
 132   0.01238  -0.01424   1.03561    150.339      16.178
 133   0.01505  -0.01568   1.03864    152.789      12.069
 134   0.01818  -0.01722   1.04213    154.994       9.967
 135   0.02189  -0.01886   1.04618    157.088       8.062
 136   0.02627  -0.02062   1.05090    159.033       6.327
 137   0.03140  -0.02249   1.05637    160.827       5.129
 138   0.03734  -0.02446   1.06263    162.477       4.076
 139   0.04405  -0.02648   1.06964    163.972       3.371
 140   0.05144  -0.02851   1.07730    165.310       2.724
 141   0.05938  -0.03050   1.08548    166.475       2.246
 142   0.06773  -0.03243   1.09404    167.490       1.890
 143   0.07638  -0.03427   1.10289    168.383       1.634
 144   0.08526  -0.03603   1.11195    169.163       1.373
 145   0.09431  -0.03771   1.12115    169.843       1.205
 146   0.10349  -0.03930   1.13047    170.459       1.103
 147   0.11277  -0.04081   1.13987    171.017       0.970
 148   0.12212  -0.04225   1.14933    171.534       0.937
 149   0.13154  -0.04361   1.15885    172.015       0.826
 150   0.14101  -0.04490   1.16840    172.456       0.784
 151   0.15052  -0.04613   1.17800    172.867       0.713
 152   0.16008  -0.04729   1.18762    173.252       0.683
 153   0.16967  -0.04839   1.19728    173.622       0.654
 154   0.17929  -0.04944   1.20695    173.969       0.599
 155   0.18892  -0.05043   1.21664    174.305       0.612
 156   0.19858  -0.05136   1.22634    174.632       0.565
 157   0.20826  -0.05224   1.23606    174.939       0.537
 158   0.21796  -0.05308   1.24579    175.242       0.549
 159   0.22767  -0.05386   1.25554    175.534       0.498
 160   0.23739  -0.05460   1.26528    175.820       0.527
 161   0.24711  -0.05528   1.27503    176.106       0.497
 162   0.25684  -0.05592   1.28478    176.392       0.524
 163   0.26657  -0.05651   1.29453    176.676       0.493
 164   0.27629  -0.05705   1.30426    176.973       0.573
 165   0.28600  -0.05754   1.31399    177.279       0.525
 166   0.29569  -0.05797   1.32369    177.603       0.639
 167   0.30536  -0.05835   1.33336    177.955       0.631
 168   0.31501  -0.05866   1.34302    178.324       0.703
 169   0.32464  -0.05891   1.35265    178.712       0.704
 170   0.33424  -0.05909   1.36225    179.125       0.796
 171   0.34383  -0.05920   1.37184    179.559       0.786
 172   0.35340  -0.05924   1.38141    180.001       0.825
 173   0.36296  -0.05920   1.39097    180.455       0.832
 174   0.37251  -0.05909   1.40052    180.914       0.846
 175   0.38205  -0.05889   1.41006    181.380       0.858
 176   0.39159  -0.05863   1.41961    181.851       0.863
 177   0.40113  -0.05828   1.42915    182.310       0.815
 178   0.41067  -0.05785   1.43871    182.769       0.861
 179   0.42023  -0.05736   1.44828    183.215       0.767
 180   0.42979  -0.05678   1.45785    183.649       0.816
 181   0.43936  -0.05613   1.46745    184.076       0.736
 182   0.44895  -0.05542   1.47706    184.477       0.722
 183   0.45855  -0.05463   1.48670    184.864       0.680
 184   0.46817  -0.05378   1.49636    185.230       0.640
 185   0.47782  -0.05287   1.50604    185.576       0.608
 186   0.48748  -0.05190   1.51575    185.899       0.551
 187   0.49716  -0.05087   1.52549    186.198       0.524
 188   0.50686  -0.04980   1.53525    186.475       0.466
 189   0.51659  -0.04867   1.54504    186.726       0.429
 190   0.52634  -0.04750   1.55486    186.955       0.382
 191   0.53611  -0.04629   1.56471    187.161       0.348
 192   0.54590  -0.04504   1.57458    187.340       0.287
 193   0.55571  -0.04377   1.58447    187.508       0.307
 194   0.56553  -0.04246   1.59438    187.660       0.228
 195   0.57538  -0.04112   1.60431    187.784       0.206
 196   0.58524  -0.03976   1.61427    187.897       0.192
 197   0.59511  -0.03839   1.62424    187.997       0.159
 198   0.60501  -0.03699   1.63423    188.078       0.121
 199   0.61491  -0.03558   1.64423    188.150       0.130
 200   0.62483  -0.03415   1.65426    188.207       0.069
 201   0.63476  -0.03271   1.66429    188.245       0.063
 202   0.64471  -0.03127   1.67434    188.274       0.037
 203   0.65466  -0.02982   1.68440    188.286       0.004
 204   0.66462  -0.02837   1.69446    188.284      -0.012
 205   0.67457  -0.02692   1.70452    188.269      -0.040
 206   0.68451  -0.02548   1.71457    188.232      -0.085
 207   0.69444  -0.02405   1.72460    188.187      -0.071
 208   0.70435  -0.02263   1.73461    188.123      -0.151
 209   0.71425  -0.02122   1.74460    188.041      -0.137
 210   0.72413  -0.01984   1.75458    187.952      -0.173
 211   0.73399  -0.01847   1.76453    187.839      -0.226
 212   0.74383  -0.01712   1.77447    187.708      -0.234
 213   0.75366  -0.01581   1.78439    187.563      -0.277
 214   0.76348  -0.01452   1.79429    187.396      -0.309
 215   0.77328  -0.01326   1.80417    187.228      -0.285
 216   0.78308  -0.01203   1.81405    187.042      -0.372
 217   0.79286  -0.01084   1.82391    186.851      -0.305
 218   0.80264  -0.00968   1.83375    186.651      -0.404
 219   0.81241  -0.00856   1.84358    186.424      -0.401
 220   0.82215  -0.00748   1.85339    186.194      -0.416
 221   0.83189  -0.00645   1.86317    185.940      -0.493
 222   0.84160  -0.00546   1.87294    185.664      -0.493
 223   0.85129  -0.00453   1.88268    185.373      -0.548
 224   0.86097  -0.00364   1.89239    185.055      -0.594
 225   0.87062  -0.00282   1.90207    184.715      -0.634
 226   0.88024  -0.00205   1.91173    184.347      -0.695
 227   0.88983  -0.00136   1.92134    183.948      -0.753
 228   0.89939  -0.00073   1.93092    183.516      -0.825
 229   0.90891  -0.00019   1.94046    183.056      -0.859
 230   0.91839   0.00028   1.94995    182.562      -0.954
 231   0.92783   0.00066   1.95940    182.031      -1.011
 232   0.93722   0.00094   1.96879    181.465      -1.093
 233   0.94653   0.00113   1.97810    180.851      -1.207
 234   0.95573   0.00122   1.98730    180.185      -1.322
 235   0.96477   0.00119   1.99635    179.479      -1.401
 236   0.97355   0.00106   2.00513    178.772      -1.411
 237   0.98189   0.00083   2.01347    178.092      -1.433
 238   0.98950   0.00054   2.02109    177.498      -1.291
 239   0.99616   0.00021   2.02775    176.964      -1.506
 240   1.00000   0.00000   2.03160    176.632      -1.506