 -35.000  -3.7224   0.00000  -0.00100  -0.0065   0.0000   0.0000
 -34.000  -3.6214   0.00000  -0.00097  -0.0082   0.0000   0.0000
 -33.000  -3.5193   0.00000  -0.00094  -0.0098   0.0000   0.0000
 -32.000  -3.4161   0.00000  -0.00091  -0.0115   0.0000   0.0000
 -31.000  -3.3119   0.00000  -0.00087  -0.0132   0.0000   0.0000
 -30.000  -3.2067   0.00000  -0.00084  -0.0150   0.0000   0.0000
 -29.000  -3.1005   0.00000  -0.00081  -0.0168   0.0000   0.0000
 -28.000  -2.9934   0.00000  -0.00077  -0.0186   0.0000   0.0000
 -27.000  -2.8854   0.00000  -0.00074  -0.0205   0.0000   0.0000
 -26.000  -2.7765   0.00000  -0.00070  -0.0224   0.0000   0.0000
 -25.000  -2.6667   0.00000  -0.00067  -0.0243   0.0000   0.0000
 -24.000  -2.5561   0.00000  -0.00064  -0.0263   0.0000   0.0000
 -23.000  -2.4448   0.00000  -0.00060  -0.0282   0.0000   0.0000
 -22.000  -2.3327   0.00000  -0.00057  -0.0302   0.0000   0.0000
 -21.000  -2.2199   0.00000  -0.00054  -0.0322   0.0000   0.0000
 -20.000  -2.1064   0.00000  -0.00051  -0.0342   0.0000   0.0000
 -19.000  -1.9923   0.00000  -0.00048  -0.0363   0.0000   0.0000
 -18.000  -1.8776   0.00000  -0.00045  -0.0383   0.0000   0.0000
 -17.000  -1.7623   0.00000  -0.00042  -0.0403   0.0000   0.0000
 -16.000  -1.6465   0.00000  -0.00039  -0.0424   0.0000   0.0000
 -15.000  -1.5302   0.00000  -0.00037  -0.0445   0.0000   0.0000
 -14.000  -1.4134   0.00000  -0.00035  -0.0465   0.0000   0.0000
 -13.000  -1.2962   0.00000  -0.00032  -0.0486   0.0000   0.0000
 -12.000  -1.1786   0.00000  -0.00030  -0.0506   0.0000   0.0000
 -11.000  -1.0606   0.00000  -0.00028  -0.0526   0.0000   0.0000
 -10.000  -0.9423   0.00000  -0.00026  -0.0547   0.0000   0.0000
  -9.000  -0.8237   0.00000  -0.00025  -0.0567   0.0000   0.0000
  -8.000  -0.7049   0.00000  -0.00023  -0.0587   0.0000   0.0000
  -7.000  -0.5859   0.00000  -0.00022  -0.0606   0.0000   0.0000
  -6.000  -0.4667   0.00000  -0.00021  -0.0626   0.0000   0.0000
  -5.000  -0.3473   0.00000  -0.00020  -0.0645   0.0000   0.0000
  -4.000  -0.2278   0.00000  -0.00019  -0.0665   0.0000   0.0000
  -3.000  -0.1083   0.00000  -0.00018  -0.0683   0.0000   0.0000
  -2.000   0.0113   0.00000  -0.00018  -0.0702   0.0000   0.0000
  -1.000   0.1308   0.00000  -0.00018  -0.0720   0.0000   0.0000
   0.000   0.2503   0.00000  -0.00018  -0.0738   0.0000   0.0000
   1.000   0.3698   0.00000  -0.00018  -0.0756   0.0000   0.0000
   2.000   0.4891   0.00000  -0.00018  -0.0773   0.0000   0.0000
   3.000   0.6083   0.00000  -0.00019  -0.0789   0.0000   0.0000
   4.000   0.7273   0.00000  -0.00020  -0.0806   0.0000   0.0000
   5.000   0.8461   0.00000  -0.00021  -0.0822   0.0000   0.0000
   6.000   0.9646   0.00000  -0.00022  -0.0837   0.0000   0.0000
   7.000   1.0828   0.00000  -0.00023  -0.0852   0.0000   0.0000
   8.000   1.2007   0.00000  -0.00024  -0.0866   0.0000   0.0000
   9.000   1.3183   0.00000  -0.00026  -0.0880   0.0000   0.0000
  10.000   1.4354   0.00000  -0.00028  -0.0894   0.0000   0.0000
  11.000   1.5521   0.00000  -0.00030  -0.0906   0.0000   0.0000
  12.000   1.6683   0.00000  -0.00032  -0.0919   0.0000   0.0000
  13.000   1.7840   0.00000  -0.00034  -0.0930   0.0000   0.0000
  14.000   1.8992   0.00000  -0.00037  -0.0941   0.0000   0.0000
  15.000   2.0138   0.00000  -0.00039  -0.0952   0.0000   0.0000
  16.000   2.1278   0.00000  -0.00042  -0.0962   0.0000   0.0000
  17.000   2.2411   0.00000  -0.00045  -0.0971   0.0000   0.0000
  18.000   2.3538   0.00000  -0.00048  -0.0979   0.0000   0.0000
  19.000   2.4657   0.00000  -0.00051  -0.0987   0.0000   0.0000
  20.000   2.5769   0.00000  -0.00054  -0.0994   0.0000   0.0000
  21.000   2.6874   0.00000  -0.00057  -0.1001   0.0000   0.0000
  22.000   2.7969   0.00000  -0.00060  -0.1007   0.0000   0.0000
  23.000   2.9057   0.00000  -0.00063  -0.1012   0.0000   0.0000
  24.000   3.0136   0.00000  -0.00067  -0.1016   0.0000   0.0000
  25.000   3.1205   0.00000  -0.00070  -0.1020   0.0000   0.0000
  26.000   3.2265   0.00000  -0.00073  -0.1023   0.0000   0.0000
  27.000   3.3315   0.00000  -0.00077  -0.1026   0.0000   0.0000
  28.000   3.4355   0.00000  -0.00080  -0.1027   0.0000   0.0000
  29.000   3.5385   0.00000  -0.00084  -0.1028   0.0000   0.0000
  30.000   3.6404   0.00000  -0.00087  -0.1028   0.0000   0.0000
  31.000   3.7411   0.00000  -0.00090  -0.1028   0.0000   0.0000
  32.000   3.8408   0.00000  -0.00093  -0.1027   0.0000   0.0000
  33.000   3.9392   0.00000  -0.00097  -0.1025   0.0000   0.0000
  34.000   4.0365   0.00000  -0.00100  -0.1022   0.0000   0.0000
  35.000   4.1326   0.00000  -0.00103  -0.1019   0.0000   0.0000
