     1.000000    0.000000
     0.996082    0.000759
     0.989801    0.001980
     0.982965    0.003314
     0.975489    0.004779
     0.967290    0.006394
     0.958309    0.008171
     0.948553    0.010113
     0.938147    0.012196
     0.927316    0.014378
     0.916295    0.016616
     0.905247    0.018876
     0.894216    0.021152
     0.883160    0.023448
     0.872037    0.025772
     0.860825    0.028121
     0.849531    0.030491
     0.838187    0.032871
     0.826831    0.035250
     0.815495    0.037620
     0.804196    0.039974
     0.792940    0.042311
     0.781725    0.044626
     0.770548    0.046916
     0.759407    0.049179
     0.748297    0.051411
     0.737215    0.053609
     0.726158    0.055772
     0.715122    0.057899
     0.704101    0.059989
     0.693090    0.062041
     0.682084    0.064055
     0.671082    0.066030
     0.660089    0.067964
     0.649114    0.069855
     0.638169    0.071700
     0.627263    0.073493
     0.616396    0.075231
     0.605563    0.076910
     0.594751    0.078529
     0.583943    0.080089
     0.573131    0.081591
     0.562314    0.083036
     0.551501    0.084422
     0.540708    0.085748
     0.529951    0.087008
     0.519238    0.088198
     0.508566    0.089315
     0.497921    0.090358
     0.487283    0.091325
     0.476641    0.092216
     0.466000    0.093031
     0.455384    0.093767
     0.444831    0.094423
     0.434387    0.094990
     0.424074    0.095459
     0.413882    0.095820
     0.403779    0.096066
     0.393708    0.096190
     0.383600    0.096192
     0.373403    0.096081
     0.363086    0.095866
     0.352651    0.095556
     0.342129    0.095160
     0.331574    0.094683
     0.321033    0.094124
     0.310532    0.093481
     0.300082    0.092753
     0.289672    0.091938
     0.279286    0.091034
     0.268911    0.090040
     0.258540    0.088956
     0.248170    0.087782
     0.237807    0.086518
     0.227459    0.085165
     0.217136    0.083722
     0.206851    0.082192
     0.196618    0.080575
     0.186453    0.078874
     0.176370    0.077088
     0.166381    0.075214
     0.156492    0.073251
     0.146706    0.071198
     0.137025    0.069050
     0.127461    0.066807
     0.118045    0.064472
     0.108823    0.062054
     0.099849    0.059568
     0.091180    0.057034
     0.082879    0.054471
     0.075027    0.051908
     0.067694    0.049378
     0.060920    0.046906
     0.054698    0.044503
     0.048993    0.042172
     0.043757    0.039912
     0.038956    0.037722
     0.034581    0.035612
     0.030625    0.033598
     0.027069    0.031690
     0.023879    0.029890
     0.021015    0.028197
     0.018441    0.026597
     0.016128    0.025071
     0.014044    0.023604
     0.012160    0.022184
     0.010454    0.020800
     0.008903    0.019447
     0.007493    0.018121
     0.006211    0.016823
     0.005048    0.015551
     0.004000    0.014297
     0.003075    0.013036
     0.002275    0.011752
     0.001597    0.010451
     0.001032    0.009145
     0.000575    0.007843
     0.000221    0.006548
    -0.000032    0.005266
    -0.000187    0.003997
    -0.000244    0.002743
    -0.000199    0.001504
    -0.000050    0.000282
     0.000209   -0.000925
     0.000580   -0.002121
     0.001060   -0.003309
     0.001651   -0.004493
     0.002355   -0.005674
     0.003177   -0.006854
     0.004119   -0.008031
     0.005186   -0.009200
     0.006380   -0.010354
     0.007696   -0.011478
     0.009134   -0.012566
     0.010707   -0.013631
     0.012432   -0.014682
     0.014323   -0.015728
     0.016393   -0.016773
     0.018664   -0.017823
     0.021166   -0.018883
     0.023934   -0.019961
     0.027009   -0.021071
     0.030430   -0.022230
     0.034248   -0.023447
     0.038509   -0.024721
     0.043255   -0.026045
     0.048509   -0.027410
     0.054285   -0.028809
     0.060620   -0.030240
     0.067564   -0.031702
     0.075152   -0.033188
     0.083370   -0.034690
     0.092149   -0.036187
     0.101385   -0.037656
     0.110984   -0.039079
     0.120878   -0.040445
     0.131001   -0.041746
     0.141293   -0.042978
     0.151705   -0.044140
     0.162204   -0.045237
     0.172774   -0.046267
     0.183403   -0.047232
     0.194082   -0.048131
     0.204805   -0.048967
     0.215570   -0.049739
     0.226373   -0.050449
     0.237207   -0.051099
     0.248060   -0.051689
     0.258916   -0.052220
     0.269760   -0.052690
     0.280583   -0.053099
     0.291389   -0.053444
     0.302192   -0.053725
     0.313015   -0.053941
     0.323875   -0.054093
     0.334767   -0.054184
     0.345664   -0.054216
     0.356514   -0.054192
     0.367257   -0.054108
     0.377863   -0.053953
     0.388339   -0.053715
     0.398725   -0.053385
     0.409088   -0.052950
     0.419505   -0.052411
     0.430033   -0.051777
     0.440701   -0.051056
     0.451506   -0.050260
     0.462409   -0.049401
     0.473363   -0.048485
     0.484335   -0.047514
     0.495309   -0.046492
     0.506288   -0.045420
     0.517289   -0.044297
     0.528327   -0.043127
     0.539410   -0.041911
     0.550538   -0.040653
     0.561706   -0.039356
     0.572907   -0.038025
     0.584135   -0.036661
     0.595387   -0.035268
     0.606662   -0.033848
     0.617962   -0.032403
     0.629288   -0.030936
     0.640644   -0.029449
     0.652030   -0.027944
     0.663449   -0.026424
     0.674897   -0.024892
     0.686367   -0.023352
     0.697843   -0.021811
     0.709304   -0.020273
     0.720729   -0.018745
     0.732108   -0.017234
     0.743439   -0.015745
     0.754731   -0.014279
     0.765995   -0.012840
     0.777235   -0.011429
     0.788443   -0.010049
     0.799597   -0.008705
     0.810670   -0.007405
     0.821640   -0.006158
     0.832503   -0.004972
     0.843276   -0.003855
     0.853987   -0.002810
     0.864673   -0.001836
     0.875345   -0.000932
     0.885982   -0.000097
     0.896529    0.000667
     0.906909    0.001356
     0.917031    0.001945
     0.926816    0.002404
     0.936205    0.002714
     0.945162    0.002865
     0.953670    0.002856
     0.961729    0.002701
     0.969355    0.002422
     0.976573    0.002039
     0.983410    0.001569
     0.989895    0.001029
     0.996056    0.000428
     1.000000    0.000000
