   1.00000  0.29437
   0.99608  0.21484
   0.98980  0.18041
   0.98296  0.15436
   0.97549  0.13273
   0.96729  0.11499
   0.95831  0.09822
   0.94855  0.08131
   0.93815  0.06631
   0.92732  0.05129
   0.91629  0.03659
   0.90525  0.02231
   0.89422  0.00709
   0.88316 -0.00755
   0.87204 -0.02362
   0.86083 -0.03915
   0.84953 -0.05518
   0.83819 -0.07060
   0.82683 -0.08638
   0.81550 -0.10207
   0.80420 -0.11788
   0.79294 -0.13405
   0.78172 -0.15060
   0.77055 -0.16665
   0.75941 -0.18361
   0.74830 -0.19974
   0.73721 -0.21570
   0.72616 -0.23146
   0.71512 -0.24661
   0.70410 -0.26230
   0.69309 -0.27712
   0.68208 -0.29231
   0.67108 -0.30714
   0.66009 -0.32208
   0.64911 -0.33709
   0.63817 -0.35333
   0.62726 -0.36899
   0.61640 -0.38497
   0.60556 -0.40056
   0.59475 -0.41484
   0.58394 -0.42839
   0.57313 -0.44156
   0.56231 -0.45460
   0.55150 -0.46759
   0.54071 -0.48185
   0.52995 -0.49604
   0.51924 -0.50987
   0.50857 -0.52361
   0.49792 -0.53665
   0.48728 -0.54872
   0.47664 -0.55996
   0.46600 -0.57121
   0.45538 -0.58234
   0.44483 -0.59593
   0.43439 -0.60970
   0.42407 -0.62428
   0.41388 -0.63565
   0.40378 -0.64399
   0.39371 -0.64517
   0.38360 -0.63985
   0.37340 -0.63105
   0.36309 -0.62060
   0.35265 -0.60997
   0.34213 -0.60161
   0.33157 -0.59524
   0.32103 -0.59006
   0.31053 -0.58425
   0.30008 -0.57751
   0.28967 -0.56998
   0.27929 -0.56149
   0.26891 -0.55165
   0.25854 -0.54135
   0.24817 -0.53039
   0.23781 -0.51921
   0.22746 -0.50752
   0.21714 -0.49500
   0.20685 -0.48243
   0.19662 -0.46913
   0.18645 -0.45629
   0.17637 -0.44325
   0.16638 -0.42875
   0.15649 -0.41297
   0.14671 -0.39690
   0.13702 -0.37882
   0.12746 -0.35967
   0.11805 -0.33864
   0.10882 -0.31532
   0.09985 -0.29056
   0.09118 -0.26554
   0.08288 -0.23917
   0.07503 -0.21108
   0.06769 -0.18234
   0.06092 -0.15203
   0.05470 -0.11985
   0.04899 -0.08456
   0.04376 -0.04925
   0.03896 -0.01147
   0.03458  0.02855
   0.03063  0.07049
   0.02707  0.11190
   0.02388  0.15491
   0.02101  0.19263
   0.01844  0.22616
   0.01613  0.26616
   0.01404  0.30941
   0.01216  0.35574
   0.01045  0.40968
   0.00890  0.46478
   0.00749  0.52333
   0.00621  0.58172
   0.00505  0.63721
   0.00400  0.68988
   0.00307  0.75304
   0.00228  0.82151
   0.00160  0.88641
   0.00103  0.93841
   0.00058  0.97604
   0.00022  0.99669
  -0.00003  0.99816
  -0.00019  0.97867
  -0.00024  0.93669
  -0.00020  0.87076
  -0.00005  0.78274
   0.00021  0.67882
   0.00058  0.56691
   0.00106  0.44891
   0.00165  0.33026
   0.00236  0.21195
   0.00318  0.10181
   0.00412 -0.00984
   0.00519 -0.10997
   0.00638 -0.20185
   0.00770 -0.27742
   0.00913 -0.32539
   0.01071 -0.36189
   0.01243 -0.38070
   0.01432 -0.39516
   0.01639 -0.40146
   0.01866 -0.40603
   0.02117 -0.40163
   0.02393 -0.38924
   0.02701 -0.37324
   0.03043 -0.36653
   0.03425 -0.36462
   0.03851 -0.36568
   0.04326 -0.36374
   0.04851 -0.36011
   0.05429 -0.35638
   0.06062 -0.35322
   0.06756 -0.35036
   0.07515 -0.34497
   0.08337 -0.34218
   0.09215 -0.34014
   0.10138 -0.33845
   0.11098 -0.33732
   0.12088 -0.33595
   0.13100 -0.33434
   0.14129 -0.33270
   0.15170 -0.33063
   0.16220 -0.33077
   0.17277 -0.33044
   0.18340 -0.33096
   0.19408 -0.33078
   0.20481 -0.33134
   0.21557 -0.33131
   0.22637 -0.33122
   0.23721 -0.33151
   0.24806 -0.33163
   0.25892 -0.33268
   0.26976 -0.33329
   0.28058 -0.33484
   0.29139 -0.33528
   0.30219 -0.33545
   0.31302 -0.33491
   0.32388 -0.33316
   0.33477 -0.33202
   0.34566 -0.33068
   0.35651 -0.33245
   0.36726 -0.33571
   0.37786 -0.33913
   0.38834 -0.33992
   0.39873 -0.33858
   0.40909 -0.33019
   0.41951 -0.31662
   0.43003 -0.30155
   0.44070 -0.28476
   0.45151 -0.26835
   0.46241 -0.25406
   0.47336 -0.24039
   0.48434 -0.22643
   0.49531 -0.21294
   0.50629 -0.19897
   0.51729 -0.18394
   0.52833 -0.16967
   0.53941 -0.15462
   0.55054 -0.13995
   0.56171 -0.12498
   0.57291 -0.11099
   0.58413 -0.09598
   0.59539 -0.08192
   0.60666 -0.06721
   0.61796 -0.05294
   0.62929 -0.03836
   0.64064 -0.02385
   0.65203 -0.00953
   0.66345  0.00484
   0.67490  0.01950
   0.68637  0.03404
   0.69784  0.04847
   0.70930  0.06273
   0.72073  0.07728
   0.73211  0.09167
   0.74344  0.10550
   0.75473  0.11929
   0.76600  0.13250
   0.77723  0.14530
   0.78844  0.15875
   0.79960  0.17192
   0.81067  0.18583
   0.82164  0.19937
   0.83250  0.21289
   0.84328  0.22497
   0.85399  0.23652
   0.86467  0.24650
   0.87534  0.25602
   0.88598  0.26642
   0.89653  0.27746
   0.90691  0.29126
   0.91703  0.30725
   0.92682  0.32082
   0.93621  0.33290
   0.94516  0.34077
   0.95367  0.34392
   0.96173  0.34361
   0.96935  0.33957
   0.97657  0.33248
   0.98341  0.32418
   0.98989  0.31415
   0.99606  0.30012
   1.00000  0.29437
