 -25.000  -0.8682   0.23962   0.23869   0.0506   1.0000   0.0057
 -24.000  -0.8806   0.21519   0.21415   0.0331   1.0000   0.0066
 -23.000  -1.2734   0.11519   0.11315  -0.0325   1.0000   0.0072
 -22.000  -1.4293   0.07647   0.07383  -0.0547   1.0000   0.0071
 -21.000  -1.4788   0.05704   0.05406  -0.0643   1.0000   0.0073
 -20.000  -1.4880   0.04434   0.04111  -0.0694   1.0000   0.0077
 -19.000  -1.4744   0.03533   0.03189  -0.0719   1.0000   0.0079
 -18.000  -1.4500   0.02805   0.02442  -0.0727   1.0000   0.0083
 -17.000  -1.4070   0.02284   0.01907  -0.0724   1.0000   0.0089
 -16.000  -1.3525   0.01906   0.01516  -0.0709   1.0000   0.0093
 -15.000  -1.3096   0.01617   0.01216  -0.0652   1.0000   0.0099
 -14.000  -1.1635   0.01407   0.00993  -0.0764   0.9412   0.0108
 -13.000  -1.0857   0.01275   0.00833  -0.0724   0.8706   0.0116
 -12.000  -0.9912   0.01166   0.00709  -0.0709   0.8291   0.0125
 -11.000  -0.8913   0.01060   0.00589  -0.0701   0.7945   0.0135
 -10.000  -0.7855   0.00977   0.00498  -0.0701   0.7661   0.0145
  -9.000  -0.6775   0.00896   0.00408  -0.0703   0.7376   0.0162
  -8.000  -0.5666   0.00829   0.00334  -0.0709   0.7119   0.0181
  -7.000  -0.4539   0.00772   0.00273  -0.0717   0.6865   0.0208
  -6.000  -0.3396   0.00726   0.00222  -0.0728   0.6631   0.0247
  -5.000  -0.2242   0.00685   0.00180  -0.0739   0.6411   0.0309
  -4.000  -0.1084   0.00642   0.00142  -0.0752   0.6187   0.0528
  -3.000   0.0078   0.00579   0.00106  -0.0768   0.5972   0.1449
  -2.000   0.1244   0.00467   0.00067  -0.0789   0.5780   0.3951
   0.000   0.3604   0.00443   0.00066  -0.0820   0.5400   0.5279
   1.000   0.4780   0.00452   0.00073  -0.0834   0.5168   0.5519
   2.000   0.5946   0.00470   0.00087  -0.0846   0.4856   0.5713
   3.000   0.7090   0.00506   0.00110  -0.0855   0.4337   0.5910
   4.000   0.8102   0.00660   0.00190  -0.0844   0.2462   0.6121
   5.000   0.9095   0.00819   0.00287  -0.0831   0.0944   0.6350
   6.000   1.0125   0.00929   0.00372  -0.0823   0.0385   0.6606
   8.000   1.2180   0.01102   0.00542  -0.0806   0.0182   0.7151
   9.000   1.3139   0.01207   0.00648  -0.0788   0.0127   0.7448
  10.000   1.4027   0.01327   0.00773  -0.0758   0.0099   0.7773
  11.000   1.4718   0.01463   0.00922  -0.0694   0.0089   0.8167
  12.000   1.5303   0.01645   0.01122  -0.0623   0.0083   0.8734
  13.000   1.5767   0.01905   0.01415  -0.0547   0.0077   1.0000
  14.000   1.6283   0.02244   0.01764  -0.0497   0.0075   1.0000
  15.000   1.6736   0.02674   0.02205  -0.0453   0.0073   1.0000
  16.000   1.7113   0.03212   0.02757  -0.0417   0.0071   1.0000
  17.000   1.7404   0.03886   0.03446  -0.0391   0.0068   1.0000
  18.000   1.7556   0.04782   0.04362  -0.0376   0.0065   1.0000
  19.000   1.7663   0.05820   0.05423  -0.0378   0.0064   1.0000
  20.000   1.7737   0.06984   0.06610  -0.0396   0.0063   1.0000
  21.000   1.7687   0.08401   0.08052  -0.0434   0.0062   1.0000
  22.000   1.7527   0.10065   0.09743  -0.0495   0.0061   1.0000
  23.000   1.7230   0.12034   0.11743  -0.0589   0.0060   1.0000
  24.000   1.6786   0.14333   0.14077  -0.0725   0.0060   1.0000
  25.000   1.6187   0.16990   0.16772  -0.0915   0.0059   1.0000
