   1.00000  0.30082
   0.99608  0.21639
   0.98980  0.17653
   0.98296  0.14807
   0.97549  0.12308
   0.96729  0.10178
   0.95831  0.08196
   0.94855  0.06184
   0.93815  0.04347
   0.92732  0.02514
   0.91629  0.00698
   0.90525 -0.01053
   0.89422 -0.02892
   0.88316 -0.04698
   0.87204 -0.06623
   0.86083 -0.08521
   0.84953 -0.10476
   0.83819 -0.12350
   0.82683 -0.14287
   0.81550 -0.16213
   0.80420 -0.18162
   0.79294 -0.20162
   0.78172 -0.22163
   0.77055 -0.24199
   0.75941 -0.26267
   0.74830 -0.28277
   0.73721 -0.30289
   0.72616 -0.32281
   0.71512 -0.34217
   0.70410 -0.36213
   0.69309 -0.38112
   0.68208 -0.40122
   0.67108 -0.42025
   0.66009 -0.44002
   0.64911 -0.45970
   0.63817 -0.48107
   0.62726 -0.50188
   0.61640 -0.52305
   0.60556 -0.54389
   0.59475 -0.56357
   0.58394 -0.58270
   0.57313 -0.60110
   0.56231 -0.62001
   0.55150 -0.63876
   0.54071 -0.65909
   0.52995 -0.67975
   0.51924 -0.69978
   0.50857 -0.72021
   0.49792 -0.73992
   0.48728 -0.75880
   0.47664 -0.77685
   0.46600 -0.79535
   0.45538 -0.81364
   0.44483 -0.83514
   0.43439 -0.85729
   0.42407 -0.88024
   0.41388 -0.89982
   0.40378 -0.91614
   0.39371 -0.92454
   0.38360 -0.92537
   0.37340 -0.92232
   0.36309 -0.91759
   0.35265 -0.91309
   0.34213 -0.91130
   0.33157 -0.91254
   0.32103 -0.91506
   0.31053 -0.91741
   0.30008 -0.91892
   0.28967 -0.91976
   0.27929 -0.91983
   0.26891 -0.91862
   0.25854 -0.91743
   0.24817 -0.91585
   0.23781 -0.91441
   0.22746 -0.91317
   0.21714 -0.91133
   0.20685 -0.91035
   0.19662 -0.90902
   0.18645 -0.90924
   0.17637 -0.91022
   0.16638 -0.91030
   0.15649 -0.90990
   0.14671 -0.91043
   0.13702 -0.90988
   0.12746 -0.90957
   0.11805 -0.90862
   0.10882 -0.90657
   0.09985 -0.90461
   0.09118 -0.90473
   0.08288 -0.90547
   0.07503 -0.90602
   0.06769 -0.90785
   0.06092 -0.90937
   0.05470 -0.90965
   0.04899 -0.90675
   0.04376 -0.90583
   0.03896 -0.90309
   0.03458 -0.89792
   0.03063 -0.89103
   0.02707 -0.88540
   0.02388 -0.87808
   0.02101 -0.88362
   0.01844 -0.90149
   0.01613 -0.90866
   0.01404 -0.91020
   0.01216 -0.90688
   0.01045 -0.88411
   0.00890 -0.85956
   0.00749 -0.82333
   0.00621 -0.78925
   0.00505 -0.76703
   0.00400 -0.76829
   0.00307 -0.72042
   0.00228 -0.60772
   0.00160 -0.45197
   0.00103 -0.29382
   0.00058 -0.13250
   0.00022  0.02809
  -0.00003  0.18520
  -0.00019  0.33511
  -0.00024  0.47475
  -0.00020  0.60881
  -0.00005  0.72664
   0.00021  0.82841
   0.00058  0.90810
   0.00106  0.96167
   0.00165  0.99150
   0.00236  0.99996
   0.00318  0.99029
   0.00412  0.96522
   0.00519  0.92860
   0.00638  0.88321
   0.00770  0.83283
   0.00913  0.78296
   0.01071  0.73351
   0.01243  0.68732
   0.01432  0.64247
   0.01639  0.60117
   0.01866  0.56113
   0.02117  0.52511
   0.02393  0.49356
   0.02701  0.46504
   0.03043  0.43416
   0.03425  0.40225
   0.03851  0.36963
   0.04326  0.33922
   0.04851  0.31061
   0.05429  0.28337
   0.06062  0.25712
   0.06756  0.23181
   0.07515  0.20924
   0.08337  0.18644
   0.09215  0.16461
   0.10138  0.14422
   0.11098  0.12501
   0.12088  0.10752
   0.13100  0.09160
   0.14129  0.07704
   0.15170  0.06400
   0.16220  0.05048
   0.17277  0.03826
   0.18340  0.02623
   0.19408  0.01545
   0.20481  0.00484
   0.21557 -0.00486
   0.22637 -0.01388
   0.23721 -0.02277
   0.24806 -0.03108
   0.25892 -0.03969
   0.26976 -0.04758
   0.28058 -0.05590
   0.29139 -0.06306
   0.30219 -0.06962
   0.31302 -0.07550
   0.32388 -0.08009
   0.33477 -0.08499
   0.34566 -0.08945
   0.35651 -0.09639
   0.36726 -0.10416
   0.37786 -0.11200
   0.38834 -0.11753
   0.39873 -0.12100
   0.40909 -0.11841
   0.41951 -0.11135
   0.43003 -0.10277
   0.44070 -0.09272
   0.45151 -0.08259
   0.46241 -0.07431
   0.47336 -0.06631
   0.48434 -0.05789
   0.49531 -0.04968
   0.50629 -0.04100
   0.51729 -0.03121
   0.52833 -0.02188
   0.53941 -0.01191
   0.55054 -0.00189
   0.56171  0.00834
   0.57291  0.01773
   0.58413  0.02853
   0.59539  0.03804
   0.60666  0.04867
   0.61796  0.05880
   0.62929  0.06937
   0.64064  0.08000
   0.65203  0.09054
   0.66345  0.10113
   0.67490  0.11208
   0.68637  0.12320
   0.69784  0.13401
   0.70930  0.14494
   0.72073  0.15611
   0.73211  0.16734
   0.74344  0.17802
   0.75473  0.18892
   0.76600  0.19885
   0.77723  0.20909
   0.78844  0.21969
   0.79960  0.23018
   0.81067  0.24124
   0.82164  0.25217
   0.83250  0.26299
   0.84328  0.27299
   0.85399  0.28184
   0.86467  0.28973
   0.87534  0.29700
   0.88598  0.30513
   0.89653  0.31385
   0.90691  0.32543
   0.91703  0.33870
   0.92682  0.35054
   0.93621  0.36024
   0.94516  0.36623
   0.95367  0.36764
   0.96173  0.36553
   0.96935  0.36004
   0.97657  0.35152
   0.98341  0.34139
   0.98989  0.32819
   0.99606  0.31314
   1.00000  0.30082
