   1.00000  0.29608
   0.99608  0.21449
   0.98980  0.17784
   0.98296  0.15080
   0.97549  0.12781
   0.96729  0.10863
   0.95831  0.09062
   0.94855  0.07241
   0.93815  0.05605
   0.92732  0.03970
   0.91629  0.02361
   0.90525  0.00803
   0.89422 -0.00847
   0.88316 -0.02448
   0.87204 -0.04183
   0.86083 -0.05874
   0.84953 -0.07618
   0.83819 -0.09293
   0.82683 -0.11015
   0.81550 -0.12727
   0.80420 -0.14455
   0.79294 -0.16225
   0.78172 -0.18018
   0.77055 -0.19795
   0.75941 -0.21639
   0.74830 -0.23410
   0.73721 -0.25172
   0.72616 -0.26913
   0.71512 -0.28595
   0.70410 -0.30334
   0.69309 -0.31981
   0.68208 -0.33695
   0.67108 -0.35344
   0.66009 -0.37029
   0.64911 -0.38714
   0.63817 -0.40541
   0.62726 -0.42310
   0.61640 -0.44113
   0.60556 -0.45879
   0.59475 -0.47519
   0.58394 -0.49093
   0.57313 -0.50616
   0.56231 -0.52149
   0.55150 -0.53674
   0.54071 -0.55338
   0.52995 -0.57010
   0.51924 -0.58635
   0.50857 -0.60270
   0.49792 -0.61835
   0.48728 -0.63306
   0.47664 -0.64695
   0.46600 -0.66102
   0.45538 -0.67492
   0.44483 -0.69159
   0.43439 -0.70860
   0.42407 -0.72643
   0.41388 -0.74097
   0.40378 -0.75238
   0.39371 -0.75633
   0.38360 -0.75333
   0.37340 -0.74670
   0.36309 -0.73840
   0.35265 -0.73008
   0.34213 -0.72419
   0.33157 -0.72069
   0.32103 -0.71841
   0.31053 -0.71566
   0.30008 -0.71201
   0.28967 -0.70761
   0.27929 -0.70231
   0.26891 -0.69568
   0.25854 -0.68876
   0.24817 -0.68127
   0.23781 -0.67369
   0.22746 -0.66585
   0.21714 -0.65725
   0.20685 -0.64893
   0.19662 -0.63999
   0.18645 -0.63191
   0.17637 -0.62397
   0.16638 -0.61475
   0.15649 -0.60451
   0.14671 -0.59441
   0.13702 -0.58259
   0.12746 -0.57013
   0.11805 -0.55618
   0.10882 -0.54031
   0.09985 -0.52347
   0.09118 -0.50714
   0.08288 -0.49008
   0.07503 -0.47171
   0.06769 -0.45326
   0.06092 -0.43353
   0.05470 -0.41199
   0.04899 -0.38711
   0.04376 -0.36271
   0.03896 -0.33580
   0.03458 -0.30633
   0.03063 -0.27469
   0.02707 -0.24356
   0.02388 -0.21044
   0.02101 -0.18492
   0.01844 -0.16599
   0.01613 -0.13850
   0.01404 -0.10634
   0.01216 -0.06979
   0.01045 -0.02085
   0.00890  0.03035
   0.00749  0.08867
   0.00621  0.14746
   0.00505  0.20201
   0.00400  0.24972
   0.00307  0.32277
   0.00228  0.42130
   0.00160  0.53186
   0.00103  0.63540
   0.00058  0.73124
   0.00022  0.81624
  -0.00003  0.88772
  -0.00019  0.94326
  -0.00024  0.98081
  -0.00020  0.99884
  -0.00005  0.99495
   0.00021  0.96940
   0.00058  0.92479
   0.00106  0.86473
   0.00165  0.79308
   0.00236  0.71265
   0.00318  0.62931
   0.00412  0.53982
   0.00519  0.45260
   0.00638  0.36744
   0.00770  0.29009
   0.00913  0.22914
   0.01071  0.17631
   0.01243  0.13590
   0.01432  0.09987
   0.01639  0.07113
   0.01866  0.04487
   0.02117  0.02613
   0.02393  0.01455
   0.02701  0.00697
   0.03043 -0.00623
   0.03425 -0.02208
   0.03851 -0.03953
   0.04326 -0.05399
   0.04851 -0.06640
   0.05429 -0.07785
   0.06062 -0.08894
   0.06756 -0.09957
   0.07515 -0.10738
   0.08337 -0.11659
   0.09215 -0.12564
   0.10138 -0.13413
   0.11098 -0.14231
   0.12088 -0.14951
   0.13100 -0.15581
   0.14129 -0.16144
   0.15170 -0.16611
   0.16220 -0.17220
   0.17277 -0.17744
   0.18340 -0.18304
   0.19408 -0.18768
   0.20481 -0.19265
   0.21557 -0.19687
   0.22637 -0.20075
   0.23721 -0.20478
   0.24806 -0.20845
   0.25892 -0.21277
   0.26976 -0.21652
   0.28058 -0.22099
   0.29139 -0.22432
   0.30219 -0.22723
   0.31302 -0.22944
   0.32388 -0.23039
   0.33477 -0.23182
   0.34566 -0.23294
   0.35651 -0.23691
   0.36726 -0.24210
   0.37786 -0.24740
   0.38834 -0.25020
   0.39873 -0.25089
   0.40909 -0.24492
   0.41951 -0.23406
   0.43003 -0.22167
   0.44070 -0.20767
   0.45151 -0.19385
   0.46241 -0.18204
   0.47336 -0.17071
   0.48434 -0.15904
   0.49531 -0.14772
   0.50629 -0.13593
   0.51729 -0.12305
   0.52833 -0.11081
   0.53941 -0.09784
   0.55054 -0.08507
   0.56171 -0.07204
   0.57291 -0.05992
   0.58413 -0.04663
   0.59539 -0.03443
   0.60666 -0.02138
   0.61796 -0.00880
   0.62929  0.00416
   0.64064  0.01709
   0.65203  0.02987
   0.66345  0.04271
   0.67490  0.05587
   0.68637  0.06903
   0.69784  0.08199
   0.70930  0.09491
   0.72073  0.10809
   0.73211  0.12121
   0.74344  0.13377
   0.75473  0.14640
   0.76600  0.15828
   0.77723  0.17006
   0.78844  0.18236
   0.79960  0.19445
   0.81067  0.20722
   0.82164  0.21972
   0.83250  0.23216
   0.84328  0.24340
   0.85399  0.25387
   0.86467  0.26301
   0.87534  0.27163
   0.88598  0.28112
   0.89653  0.29123
   0.90691  0.30415
   0.91703  0.31906
   0.92682  0.33195
   0.93621  0.34308
   0.94516  0.35020
   0.95367  0.35265
   0.96173  0.35161
   0.96935  0.34698
   0.97657  0.33930
   0.98341  0.33025
   0.98989  0.31894
   0.99606  0.30448
   1.00000  0.29608
