   1.00000  0.33069
   0.99608  0.23978
   0.98980  0.19120
   0.98296  0.15913
   0.97549  0.12867
   0.96729  0.10145
   0.95831  0.07656
   0.94855  0.05107
   0.93815  0.02693
   0.92732  0.00295
   0.91629 -0.02119
   0.90525 -0.04427
   0.89422 -0.06813
   0.88316 -0.09215
   0.87204 -0.11688
   0.86083 -0.14189
   0.84953 -0.16756
   0.83819 -0.19214
   0.82683 -0.21784
   0.81550 -0.24341
   0.80420 -0.26945
   0.79294 -0.29627
   0.78172 -0.32239
   0.77055 -0.35052
   0.75941 -0.37788
   0.74830 -0.40513
   0.73721 -0.43278
   0.72616 -0.46028
   0.71512 -0.48735
   0.70410 -0.51516
   0.69309 -0.54180
   0.68208 -0.57106
   0.67108 -0.59786
   0.66009 -0.62663
   0.64911 -0.65507
   0.63817 -0.68605
   0.62726 -0.71655
   0.61640 -0.74752
   0.60556 -0.77830
   0.59475 -0.80828
   0.58394 -0.83818
   0.57313 -0.86663
   0.56231 -0.89694
   0.55150 -0.92691
   0.54071 -0.95904
   0.52995 -0.99237
   0.51924 -1.02454
   0.50857 -1.05821
   0.49792 -1.09113
   0.48728 -1.12361
   0.47664 -1.15533
   0.46600 -1.18846
   0.45538 -1.22124
   0.44483 -1.25872
   0.43439 -1.29789
   0.42407 -1.33787
   0.41388 -1.37434
   0.40378 -1.40727
   0.39371 -1.43112
   0.38360 -1.44552
   0.37340 -1.45546
   0.36309 -1.46381
   0.35265 -1.47337
   0.34213 -1.48655
   0.33157 -1.50500
   0.32103 -1.52494
   0.31053 -1.54586
   0.30008 -1.56633
   0.28967 -1.58661
   0.27929 -1.60670
   0.26891 -1.62593
   0.25854 -1.64650
   0.24817 -1.66749
   0.23781 -1.68967
   0.22746 -1.71392
   0.21714 -1.73842
   0.20685 -1.76621
   0.19662 -1.79492
   0.18645 -1.82803
   0.17637 -1.86462
   0.16638 -1.90228
   0.15649 -1.94202
   0.14671 -1.98634
   0.13702 -2.03282
   0.12746 -2.08376
   0.11805 -2.13841
   0.10882 -2.19652
   0.09985 -2.26025
   0.09118 -2.33381
   0.08288 -2.41525
   0.07503 -2.50317
   0.06769 -2.60020
   0.06092 -2.70363
   0.05470 -2.81116
   0.04899 -2.91976
   0.04376 -3.04003
   0.03896 -3.16589
   0.03458 -3.29457
   0.03063 -3.42863
   0.02707 -3.57180
   0.02388 -3.72064
   0.02101 -3.91117
   0.01844 -4.14663
   0.01613 -4.37221
   0.01404 -4.59777
   0.01216 -4.82820
   0.01045 -5.01922
   0.00890 -5.22529
   0.00749 -5.41339
   0.00621 -5.63737
   0.00505 -5.93652
   0.00400 -6.38585
   0.00307 -6.70527
   0.00228 -6.77685
   0.00160 -6.65852
   0.00103 -6.50548
   0.00058 -6.31092
   0.00022 -6.08083
  -0.00003 -5.81308
  -0.00019 -5.51814
  -0.00024 -5.20353
  -0.00020 -4.80002
  -0.00005 -4.35626
   0.00021 -3.80782
   0.00058 -3.19107
   0.00106 -2.60708
   0.00165 -2.05152
   0.00236 -1.54643
   0.00318 -1.09402
   0.00412 -0.70125
   0.00519 -0.36025
   0.00638 -0.07110
   0.00770  0.17484
   0.00913  0.38116
   0.01071  0.54565
   0.01243  0.67720
   0.01432  0.77854
   0.01639  0.85468
   0.01866  0.91124
   0.02117  0.95170
   0.02393  0.97837
   0.02701  0.99372
   0.03043  0.99976
   0.03425  0.99802
   0.03851  0.98957
   0.04326  0.97544
   0.04851  0.95657
   0.05429  0.93402
   0.06062  0.90853
   0.06756  0.88062
   0.07515  0.85132
   0.08337  0.82066
   0.09215  0.78948
   0.10138  0.75868
   0.11098  0.72845
   0.12088  0.69939
   0.13100  0.67158
   0.14129  0.64513
   0.15170  0.62016
   0.16220  0.59584
   0.17277  0.57290
   0.18340  0.55075
   0.19408  0.52982
   0.20481  0.50969
   0.21557  0.49044
   0.22637  0.47218
   0.23721  0.45443
   0.24806  0.43744
   0.25892  0.42075
   0.26976  0.40490
   0.28058  0.38911
   0.29139  0.37431
   0.30219  0.36036
   0.31302  0.34687
   0.32388  0.33454
   0.33477  0.32225
   0.34566  0.31058
   0.35651  0.29737
   0.36726  0.28419
   0.37786  0.27100
   0.38834  0.25949
   0.39873  0.24973
   0.40909  0.24423
   0.41951  0.24187
   0.43003  0.24095
   0.44070  0.24098
   0.45151  0.24172
   0.46241  0.24104
   0.47336  0.24056
   0.48434  0.24060
   0.49531  0.24078
   0.50629  0.24139
   0.51729  0.24307
   0.52833  0.24475
   0.53941  0.24679
   0.55054  0.24947
   0.56171  0.25220
   0.57291  0.25433
   0.58413  0.25835
   0.59539  0.26063
   0.60666  0.26466
   0.61796  0.26809
   0.62929  0.27210
   0.64064  0.27638
   0.65203  0.28072
   0.66345  0.28505
   0.67490  0.28985
   0.68637  0.29523
   0.69784  0.30001
   0.70930  0.30531
   0.72073  0.31077
   0.73211  0.31661
   0.74344  0.32196
   0.75473  0.32788
   0.76600  0.33224
   0.77723  0.33804
   0.78844  0.34371
   0.79960  0.34956
   0.81067  0.35563
   0.82164  0.36198
   0.83250  0.36808
   0.84328  0.37437
   0.85399  0.37853
   0.86467  0.38272
   0.87534  0.38606
   0.88598  0.39019
   0.89653  0.39481
   0.90691  0.40233
   0.91703  0.41066
   0.92682  0.41924
   0.93621  0.42464
   0.94516  0.42731
   0.95367  0.42572
   0.96173  0.42060
   0.96935  0.41277
   0.97657  0.40203
   0.98341  0.38904
   0.98989  0.37068
   0.99606  0.35427
   1.00000  0.33069
