 -25.000  -0.9071   0.23085   0.23007   0.0480   1.0000   0.0053
 -24.000  -1.4548   0.10150   0.09929  -0.0393   1.0000   0.0054
 -23.000  -1.5553   0.07323   0.07061  -0.0551   1.0000   0.0055
 -22.000  -1.6003   0.05517   0.05226  -0.0637   1.0000   0.0057
 -21.000  -1.6131   0.04246   0.03932  -0.0685   1.0000   0.0060
 -20.000  -1.6044   0.03328   0.02996  -0.0707   1.0000   0.0064
 -19.000  -1.5731   0.02682   0.02335  -0.0712   1.0000   0.0066
 -18.000  -1.5292   0.02179   0.01820  -0.0708   1.0000   0.0069
 -17.000  -1.4761   0.01787   0.01419  -0.0694   1.0000   0.0075
 -16.000  -1.4129   0.01515   0.01139  -0.0672   0.9888   0.0079
 -14.000  -1.2037   0.01211   0.00792  -0.0713   0.8446   0.0094
 -13.000  -1.1098   0.01098   0.00667  -0.0697   0.8035   0.0102
 -12.000  -1.0081   0.01008   0.00569  -0.0692   0.7716   0.0109
 -11.000  -0.9028   0.00921   0.00476  -0.0691   0.7438   0.0121
 -10.000  -0.7938   0.00855   0.00404  -0.0694   0.7165   0.0127
  -9.000  -0.6829   0.00789   0.00333  -0.0701   0.6916   0.0143
  -8.000  -0.5700   0.00734   0.00275  -0.0709   0.6682   0.0160
  -7.000  -0.4556   0.00687   0.00226  -0.0720   0.6469   0.0183
  -6.000  -0.3401   0.00648   0.00186  -0.0732   0.6253   0.0214
  -5.000  -0.2239   0.00615   0.00152  -0.0744   0.6031   0.0270
  -4.000  -0.1070   0.00585   0.00124  -0.0758   0.5826   0.0370
  -3.000   0.0102   0.00546   0.00098  -0.0773   0.5640   0.0803
  -2.000   0.1278   0.00490   0.00074  -0.0791   0.5468   0.2022
  -1.000   0.2457   0.00418   0.00054  -0.0811   0.5271   0.4082
   0.000   0.3638   0.00406   0.00055  -0.0827   0.5030   0.4833
   1.000   0.4814   0.00415   0.00063  -0.0842   0.4760   0.5174
   2.000   0.5975   0.00439   0.00078  -0.0853   0.4328   0.5404
   3.000   0.7023   0.00569   0.00140  -0.0848   0.2465   0.5600
   4.000   0.8090   0.00676   0.00201  -0.0845   0.1232   0.5782
   5.000   0.9159   0.00770   0.00266  -0.0843   0.0518   0.5985
   6.000   1.0235   0.00845   0.00329  -0.0842   0.0259   0.6201
   7.000   1.1309   0.00911   0.00392  -0.0841   0.0193   0.6445
   8.000   1.2353   0.00986   0.00467  -0.0835   0.0137   0.6708
   9.000   1.3351   0.01080   0.00559  -0.0823   0.0092   0.6966
  10.000   1.4305   0.01180   0.00662  -0.0804   0.0077   0.7254
  11.000   1.5202   0.01286   0.00773  -0.0776   0.0073   0.7547
  12.000   1.5867   0.01415   0.00911  -0.0707   0.0069   0.7917
  13.000   1.6426   0.01603   0.01114  -0.0632   0.0064   0.8400
  15.000   1.7452   0.02145   0.01698  -0.0511   0.0062   1.0000
  16.000   1.7910   0.02550   0.02113  -0.0466   0.0060   1.0000
  17.000   1.8284   0.03068   0.02641  -0.0428   0.0059   1.0000
  18.000   1.8571   0.03723   0.03308  -0.0399   0.0056   1.0000
  19.000   1.8777   0.04533   0.04134  -0.0382   0.0054   1.0000
  20.000   1.8898   0.05513   0.05132  -0.0380   0.0052   1.0000
  21.000   1.8988   0.06605   0.06242  -0.0394   0.0052   1.0000
  22.000   1.9001   0.07871   0.07527  -0.0423   0.0052   1.0000
  23.000   1.8906   0.09355   0.09033  -0.0472   0.0051   1.0000
  24.000   1.8681   0.11101   0.10802  -0.0546   0.0051   1.0000
  25.000   1.8370   0.13035   0.12763  -0.0649   0.0050   1.0000
  26.000   1.7937   0.15210   0.14967  -0.0792   0.0050   1.0000
  27.000   1.7392   0.17613   0.17401  -0.0976   0.0049   1.0000
  28.000   1.6550   0.20657   0.20486  -0.1235   0.0048   1.0000
  29.000   1.5198   0.25066   0.24947  -0.1627   0.0048   1.0000
  30.000   1.4294   0.28966   0.28883  -0.1965   0.0045   1.0000
