   0.99940  0.49549
   0.99561  0.21004
   0.98897  0.15643
   0.98121  0.11633
   0.97261  0.08327
   0.96346  0.05682
   0.95402  0.03550
   0.94442  0.01533
   0.93475 -0.00163
   0.92504 -0.01762
   0.91531 -0.03139
   0.90556 -0.04518
   0.89580 -0.05792
   0.88603 -0.06928
   0.87625 -0.08079
   0.86647 -0.09173
   0.85668 -0.10169
   0.84689 -0.11162
   0.83709 -0.12185
   0.82729 -0.13148
   0.81750 -0.14092
   0.80770 -0.14966
   0.79791 -0.15926
   0.78811 -0.16759
   0.77832 -0.17598
   0.76852 -0.18390
   0.75872 -0.19200
   0.74892 -0.19949
   0.73912 -0.20736
   0.72933 -0.21453
   0.71953 -0.22182
   0.70973 -0.22825
   0.69993 -0.23532
   0.69012 -0.24136
   0.68032 -0.24842
   0.67052 -0.25442
   0.66072 -0.26059
   0.65093 -0.26652
   0.64113 -0.27210
   0.63134 -0.27899
   0.62156 -0.28396
   0.61178 -0.28913
   0.60201 -0.29461
   0.59224 -0.29933
   0.58249 -0.30352
   0.57274 -0.30680
   0.56299 -0.30999
   0.55324 -0.31184
   0.54348 -0.31341
   0.53373 -0.31403
   0.52396 -0.31410
   0.51419 -0.31381
   0.50441 -0.31309
   0.49463 -0.31173
   0.48483 -0.31053
   0.47503 -0.30830
   0.46522 -0.30576
   0.45541 -0.30385
   0.44558 -0.30114
   0.43575 -0.29875
   0.42592 -0.29571
   0.41608 -0.29309
   0.40624 -0.29071
   0.39640 -0.28745
   0.38656 -0.28557
   0.37672 -0.28219
   0.36689 -0.27961
   0.35706 -0.27633
   0.34723 -0.27303
   0.33741 -0.27009
   0.32759 -0.26683
   0.31777 -0.26266
   0.30796 -0.25921
   0.29815 -0.25495
   0.28835 -0.25067
   0.27855 -0.24695
   0.26877 -0.24290
   0.25899 -0.23806
   0.24923 -0.23354
   0.23948 -0.22863
   0.22974 -0.22362
   0.22002 -0.21768
   0.21031 -0.21232
   0.20062 -0.20635
   0.19095 -0.19947
   0.18130 -0.19307
   0.17168 -0.18568
   0.16209 -0.17797
   0.15253 -0.16909
   0.14301 -0.16008
   0.13352 -0.14972
   0.12409 -0.13857
   0.11471 -0.12668
   0.10539 -0.11435
   0.09617 -0.09926
   0.08706 -0.08392
   0.07809 -0.06596
   0.06932 -0.04625
   0.06082 -0.02319
   0.05271  0.00192
   0.04512  0.03023
   0.03821  0.06246
   0.03210  0.09571
   0.02683  0.13416
   0.02235  0.17565
   0.01857  0.22106
   0.01537  0.27294
   0.01266  0.32840
   0.01035  0.39220
   0.00837  0.46015
   0.00666  0.53465
   0.00519  0.61784
   0.00393  0.70053
   0.00286  0.78896
   0.00197  0.87219
   0.00124  0.94311
   0.00069  0.98976
   0.00030  0.99788
   0.00008  0.96016
   0.00000  0.87735
   0.00006  0.75657
   0.00027  0.60517
   0.00063  0.43431
   0.00117  0.27013
   0.00188  0.12454
   0.00275  0.00380
   0.00380 -0.10282
   0.00503 -0.17602
   0.00647 -0.24363
   0.00815 -0.29250
   0.01011 -0.33022
   0.01238 -0.36225
   0.01505 -0.38307
   0.01818 -0.40154
   0.02189 -0.41387
   0.02627 -0.42323
   0.03140 -0.42814
   0.03734 -0.43163
   0.04406 -0.43219
   0.05144 -0.43108
   0.05938 -0.42848
   0.06772 -0.42580
   0.07638 -0.42283
   0.08526 -0.41975
   0.09431 -0.41723
   0.10349 -0.41566
   0.11277 -0.41397
   0.12212 -0.41355
   0.13154 -0.41247
   0.14101 -0.41139
   0.15052 -0.41100
   0.16008 -0.41057
   0.16967 -0.41069
   0.17929 -0.41066
   0.18892 -0.41107
   0.19858 -0.41164
   0.20826 -0.41277
   0.21796 -0.41306
   0.22767 -0.41454
   0.23739 -0.41642
   0.24711 -0.41852
   0.25684 -0.42118
   0.26657 -0.42371
   0.27629 -0.42798
   0.28600 -0.43148
   0.29569 -0.43610
   0.30536 -0.44013
   0.31501 -0.44405
   0.32464 -0.44748
   0.33424 -0.45004
   0.34383 -0.45081
   0.35340 -0.45139
   0.36296 -0.44963
   0.37251 -0.44704
   0.38205 -0.44309
   0.39159 -0.43710
   0.40113 -0.42963
   0.41068 -0.42127
   0.42023 -0.41077
   0.42979 -0.39982
   0.43936 -0.38750
   0.44895 -0.37361
   0.45855 -0.35905
   0.46818 -0.34394
   0.47782 -0.32818
   0.48747 -0.31124
   0.49716 -0.29489
   0.50686 -0.27722
   0.51659 -0.25976
   0.52634 -0.24235
   0.53611 -0.22542
   0.54590 -0.20815
   0.55571 -0.19132
   0.56553 -0.17425
   0.57538 -0.15810
   0.58524 -0.14186
   0.59511 -0.12574
   0.60500 -0.11006
   0.61491 -0.09455
   0.62483 -0.07906
   0.63476 -0.06417
   0.64471 -0.04906
   0.65466 -0.03445
   0.66462 -0.01974
   0.67457 -0.00567
   0.68451  0.00880
   0.69444  0.02218
   0.70435  0.03598
   0.71425  0.04924
   0.72412  0.06189
   0.73399  0.07522
   0.74383  0.08744
   0.75366  0.09931
   0.76348  0.11091
   0.77328  0.12230
   0.78308  0.13255
   0.79286  0.14339
   0.80264  0.15341
   0.81241  0.16431
   0.82215  0.17383
   0.83189  0.18425
   0.84160  0.19375
   0.85129  0.20326
   0.86097  0.21235
   0.87062  0.22098
   0.88024  0.23034
   0.88983  0.23778
   0.89939  0.24580
   0.90891  0.25356
   0.91839  0.25981
   0.92783  0.26553
   0.93722  0.27149
   0.94653  0.27482
   0.95573  0.27881
   0.96477  0.27931
   0.97355  0.27916
   0.98189  0.27822
   0.98950  0.27307
   0.99616  0.29275
   1.00000  0.49549
