   0.99940  0.20938
   0.99562  0.19029
   0.98897  0.16012
   0.98121  0.13038
   0.97261  0.10321
   0.96346  0.07854
   0.95402  0.05712
   0.94442  0.03781
   0.93475  0.02065
   0.92504  0.00595
   0.91531 -0.00813
   0.90556 -0.02059
   0.89580 -0.03248
   0.88603 -0.04345
   0.87625 -0.05466
   0.86647 -0.06659
   0.85668 -0.07982
   0.84689 -0.09637
   0.83709 -0.11661
   0.82730 -0.13996
   0.81750 -0.16433
   0.80770 -0.18620
   0.79791 -0.19213
   0.78811 -0.19573
   0.77832 -0.19984
   0.76852 -0.20428
   0.75872 -0.20898
   0.74892 -0.21390
   0.73912 -0.21898
   0.72933 -0.22422
   0.71953 -0.22955
   0.70973 -0.23498
   0.69993 -0.24049
   0.69012 -0.24602
   0.68032 -0.25156
   0.67052 -0.25710
   0.66072 -0.26263
   0.65093 -0.26808
   0.64113 -0.27339
   0.63134 -0.27866
   0.62156 -0.28373
   0.61178 -0.28866
   0.60201 -0.29324
   0.59224 -0.29745
   0.58249 -0.30137
   0.57274 -0.30466
   0.56299 -0.30740
   0.55324 -0.30953
   0.54348 -0.31107
   0.53373 -0.31206
   0.52396 -0.31249
   0.51419 -0.31260
   0.50441 -0.31204
   0.49463 -0.31147
   0.48483 -0.31005
   0.47503 -0.30871
   0.46522 -0.30692
   0.45541 -0.30506
   0.44558 -0.30284
   0.43575 -0.30071
   0.42592 -0.29841
   0.41608 -0.29608
   0.40624 -0.29370
   0.39640 -0.29131
   0.38656 -0.28883
   0.37672 -0.28622
   0.36689 -0.28358
   0.35706 -0.28078
   0.34723 -0.27776
   0.33741 -0.27482
   0.32759 -0.27152
   0.31777 -0.26834
   0.30796 -0.26448
   0.29815 -0.26106
   0.28835 -0.25708
   0.27856 -0.25333
   0.26877 -0.24937
   0.25899 -0.24514
   0.24923 -0.24075
   0.23948 -0.23606
   0.22974 -0.23098
   0.22002 -0.22592
   0.21031 -0.22057
   0.20062 -0.21468
   0.19095 -0.20872
   0.18130 -0.20199
   0.17168 -0.19530
   0.16209 -0.18760
   0.15253 -0.17934
   0.14301 -0.17037
   0.13352 -0.16079
   0.12409 -0.15033
   0.11470 -0.13878
   0.10539 -0.12665
   0.09617 -0.11261
   0.08706 -0.09763
   0.07809 -0.08024
   0.06932 -0.06132
   0.06082 -0.03977
   0.05271 -0.01492
   0.04512  0.01249
   0.03821  0.04283
   0.03210  0.07579
   0.02683  0.11261
   0.02235  0.15350
   0.01857  0.19831
   0.01537  0.24897
   0.01266  0.30420
   0.01035  0.36688
   0.00837  0.43421
   0.00666  0.51063
   0.00519  0.59142
   0.00393  0.67836
   0.00286  0.76625
   0.00197  0.85344
   0.00124  0.92901
   0.00069  0.98271
   0.00030  0.99978
   0.00008  0.97326
   0.00000  0.90067
   0.00006  0.79122
   0.00027  0.64994
   0.00063  0.48838
   0.00117  0.32606
   0.00188  0.18468
   0.00275  0.06047
   0.00380 -0.04160
   0.00503 -0.12304
   0.00647 -0.19096
   0.00815 -0.24572
   0.01011 -0.28595
   0.01238 -0.32080
   0.01505 -0.34656
   0.01818 -0.36738
   0.02189 -0.38369
   0.02627 -0.39513
   0.03140 -0.40359
   0.03734 -0.40897
   0.04405 -0.41216
   0.05144 -0.41286
   0.05938 -0.41248
   0.06773 -0.41120
   0.07638 -0.40973
   0.08526 -0.40781
   0.09431 -0.40636
   0.10349 -0.40539
   0.11277 -0.40469
   0.12212 -0.40445
   0.13154 -0.40390
   0.14101 -0.40380
   0.15052 -0.40361
   0.16008 -0.40391
   0.16967 -0.40415
   0.17929 -0.40467
   0.18892 -0.40550
   0.19858 -0.40626
   0.20826 -0.40727
   0.21796 -0.40859
   0.22767 -0.41002
   0.23739 -0.41195
   0.24711 -0.41399
   0.25684 -0.41659
   0.26657 -0.41932
   0.27629 -0.42265
   0.28600 -0.42602
   0.29569 -0.42988
   0.30536 -0.43340
   0.31501 -0.43675
   0.32464 -0.43943
   0.33424 -0.44154
   0.34383 -0.44249
   0.35340 -0.44226
   0.36296 -0.44087
   0.37251 -0.43820
   0.38205 -0.43418
   0.39159 -0.42873
   0.40113 -0.42213
   0.41067 -0.41437
   0.42023 -0.40557
   0.42979 -0.39611
   0.43936 -0.38599
   0.44895 -0.37576
   0.45855 -0.36555
   0.46817 -0.35570
   0.47782 -0.34637
   0.48748 -0.33770
   0.49716 -0.32969
   0.50686 -0.32227
   0.51659 -0.31535
   0.52634 -0.30889
   0.53611 -0.28490
   0.54590 -0.23776
   0.55571 -0.19476
   0.56553 -0.16175
   0.57538 -0.13807
   0.58524 -0.12053
   0.59511 -0.10600
   0.60501 -0.09249
   0.61491 -0.07969
   0.62483 -0.06658
   0.63476 -0.05388
   0.64471 -0.04087
   0.65466 -0.02814
   0.66462 -0.01511
   0.67457 -0.00249
   0.68451  0.01023
   0.69444  0.02263
   0.70435  0.03507
   0.71425  0.04692
   0.72413  0.05884
   0.73399  0.07049
   0.74383  0.08169
   0.75366  0.09275
   0.76348  0.10332
   0.77328  0.11332
   0.78308  0.12338
   0.79286  0.13286
   0.80264  0.14233
   0.81241  0.15161
   0.82215  0.16058
   0.83189  0.16931
   0.84160  0.17766
   0.85129  0.18586
   0.86097  0.19365
   0.87062  0.20096
   0.88024  0.20826
   0.88983  0.21467
   0.89939  0.22077
   0.90891  0.22605
   0.91839  0.23074
   0.92783  0.23473
   0.93722  0.23754
   0.94653  0.23972
   0.95573  0.24025
   0.96477  0.23902
   0.97355  0.23616
   0.98189  0.23095
   0.98950  0.22487
   0.99616  0.21732
   1.00000  0.20938
