   0.99940  0.17042
   0.99562  0.15405
   0.98897  0.12253
   0.98121  0.08269
   0.97261  0.03443
   0.96346 -0.02318
   0.95402 -0.09300
   0.94442 -0.16158
   0.93475 -0.16252
   0.92504 -0.16322
   0.91531 -0.16375
   0.90556 -0.16417
   0.89580 -0.16452
   0.88603 -0.16481
   0.87625 -0.16506
   0.86647 -0.16529
   0.85668 -0.16553
   0.84689 -0.16577
   0.83709 -0.16605
   0.82730 -0.16639
   0.81750 -0.16679
   0.80770 -0.16732
   0.79791 -0.16796
   0.78811 -0.16880
   0.77832 -0.16984
   0.76852 -0.17116
   0.75872 -0.17280
   0.74892 -0.17483
   0.73912 -0.17732
   0.72933 -0.18032
   0.71953 -0.18389
   0.70973 -0.18804
   0.69993 -0.19268
   0.69012 -0.19781
   0.68032 -0.20361
   0.67052 -0.21011
   0.66072 -0.21721
   0.65093 -0.22471
   0.64113 -0.23238
   0.63134 -0.24009
   0.62156 -0.24763
   0.61178 -0.25492
   0.60201 -0.26179
   0.59224 -0.26813
   0.58249 -0.27401
   0.57274 -0.27915
   0.56299 -0.28359
   0.55324 -0.28728
   0.54348 -0.29025
   0.53373 -0.29257
   0.52396 -0.29420
   0.51419 -0.29544
   0.50441 -0.29589
   0.49463 -0.29629
   0.48483 -0.29577
   0.47503 -0.29525
   0.46522 -0.29424
   0.45541 -0.29308
   0.44558 -0.29155
   0.43575 -0.29004
   0.42592 -0.28833
   0.41608 -0.28658
   0.40624 -0.28475
   0.39640 -0.28284
   0.38656 -0.28082
   0.37672 -0.27874
   0.36689 -0.27647
   0.35706 -0.27411
   0.34723 -0.27154
   0.33741 -0.26898
   0.32759 -0.26602
   0.31777 -0.26329
   0.30796 -0.25971
   0.29815 -0.25668
   0.28835 -0.25306
   0.27856 -0.24963
   0.26877 -0.24606
   0.25899 -0.24214
   0.24923 -0.23799
   0.23948 -0.23369
   0.22974 -0.22894
   0.22002 -0.22420
   0.21031 -0.21907
   0.20062 -0.21360
   0.19095 -0.20791
   0.18130 -0.20161
   0.17168 -0.19510
   0.16209 -0.18789
   0.15253 -0.17998
   0.14301 -0.17131
   0.13352 -0.16203
   0.12409 -0.15208
   0.11470 -0.14079
   0.10539 -0.12921
   0.09617 -0.11563
   0.08706 -0.10103
   0.07809 -0.08436
   0.06932 -0.06583
   0.06082 -0.04508
   0.05271 -0.02086
   0.04512  0.00585
   0.03821  0.03559
   0.03210  0.06716
   0.02683  0.10351
   0.02235  0.14326
   0.01857  0.18737
   0.01537  0.23734
   0.01266  0.29170
   0.01035  0.35387
   0.00837  0.42046
   0.00666  0.49662
   0.00519  0.57792
   0.00393  0.66477
   0.00286  0.75410
   0.00197  0.84212
   0.00124  0.92096
   0.00069  0.97845
   0.00030  0.99999
   0.00008  0.97832
   0.00000  0.91164
   0.00006  0.80751
   0.00027  0.67102
   0.00063  0.51180
   0.00117  0.35239
   0.00188  0.21280
   0.00275  0.08824
   0.00380 -0.01350
   0.00503 -0.09538
   0.00647 -0.16462
   0.00815 -0.22036
   0.01011 -0.26210
   0.01238 -0.29749
   0.01505 -0.32492
   0.01818 -0.34650
   0.02189 -0.36418
   0.02627 -0.37656
   0.03140 -0.38634
   0.03734 -0.39254
   0.04405 -0.39655
   0.05144 -0.39814
   0.05938 -0.39846
   0.06773 -0.39776
   0.07638 -0.39682
   0.08526 -0.39522
   0.09431 -0.39420
   0.10349 -0.39339
   0.11277 -0.39288
   0.12212 -0.39283
   0.13154 -0.39234
   0.14101 -0.39244
   0.15052 -0.39214
   0.16008 -0.39241
   0.16967 -0.39262
   0.17929 -0.39299
   0.18892 -0.39368
   0.19858 -0.39425
   0.20826 -0.39505
   0.21796 -0.39600
   0.22767 -0.39715
   0.23739 -0.39864
   0.24711 -0.40026
   0.25684 -0.40227
   0.26657 -0.40429
   0.27629 -0.40690
   0.28600 -0.40945
   0.29569 -0.41229
   0.30536 -0.41466
   0.31501 -0.41663
   0.32464 -0.41775
   0.33424 -0.41808
   0.34383 -0.41691
   0.35340 -0.41426
   0.36296 -0.41004
   0.37251 -0.40412
   0.38205 -0.39634
   0.39159 -0.38661
   0.40113 -0.37538
   0.41067 -0.36294
   0.42023 -0.34996
   0.42979 -0.33764
   0.43936 -0.32696
   0.44895 -0.31844
   0.45855 -0.31137
   0.46817 -0.30569
   0.47782 -0.30143
   0.48748 -0.29832
   0.49716 -0.29612
   0.50686 -0.29456
   0.51659 -0.29347
   0.52634 -0.29270
   0.53611 -0.29214
   0.54590 -0.29169
   0.55571 -0.29130
   0.56553 -0.29093
   0.57538 -0.29052
   0.58524 -0.29003
   0.59511 -0.28945
   0.60501 -0.28875
   0.61491 -0.28787
   0.62483 -0.28679
   0.63476 -0.28544
   0.64471 -0.28372
   0.65466 -0.28148
   0.66462 -0.22245
   0.67457 -0.12227
   0.68451 -0.03186
   0.69444  0.04518
   0.70435  0.08720
   0.71425  0.10938
   0.72413  0.12122
   0.73399  0.12819
   0.74383  0.13315
   0.75366  0.13772
   0.76348  0.14229
   0.77328  0.14701
   0.78308  0.15234
   0.79286  0.15778
   0.80264  0.16367
   0.81241  0.16982
   0.82215  0.17605
   0.83189  0.18234
   0.84160  0.18852
   0.85129  0.19475
   0.86097  0.20073
   0.87062  0.20637
   0.88024  0.21209
   0.88983  0.21697
   0.89939  0.22160
   0.90891  0.22539
   0.91839  0.22855
   0.92783  0.23093
   0.93722  0.23198
   0.94653  0.23221
   0.95573  0.23037
   0.96477  0.22627
   0.97355  0.21988
   0.98189  0.21010
   0.98950  0.19825
   0.99616  0.18303
   1.00000  0.17042
