 -22.000  -1.2771   0.12378   0.12226  -0.0120   0.9997   0.0028
 -21.000  -1.4521   0.07956   0.07747  -0.0352   0.9997   0.0027
 -20.000  -1.5056   0.05918   0.05678  -0.0440   0.9997   0.0027
 -19.000  -1.5608   0.04137   0.03852  -0.0494   0.9997   0.0029
 -18.000  -1.5667   0.03092   0.02777  -0.0507   0.9997   0.0031
 -17.000  -1.5352   0.02433   0.02100  -0.0510   0.9997   0.0033
 -16.000  -1.4837   0.01971   0.01624  -0.0509   0.9997   0.0035
 -15.000  -1.4263   0.01656   0.01296  -0.0487   0.9997   0.0036
 -14.000  -1.3595   0.01473   0.01106  -0.0440   0.9994   0.0038
 -13.000  -1.2450   0.01249   0.00871  -0.0486   0.9976   0.0043
 -12.000  -1.1235   0.01102   0.00724  -0.0536   0.9962   0.0049
 -11.000  -1.0056   0.00960   0.00578  -0.0573   0.9924   0.0057
 -10.000  -0.8958   0.00863   0.00481  -0.0587   0.9808   0.0064
  -9.000  -0.7884   0.00770   0.00384  -0.0592   0.9629   0.0081
  -8.000  -0.6783   0.00697   0.00308  -0.0600   0.9418   0.0101
  -7.000  -0.5667   0.00631   0.00239  -0.0610   0.9177   0.0149
  -6.000  -0.4537   0.00573   0.00183  -0.0621   0.8924   0.0258
  -5.000  -0.3403   0.00517   0.00136  -0.0633   0.8656   0.0578
  -4.000  -0.2268   0.00443   0.00091  -0.0646   0.8372   0.1613
  -3.000  -0.1146   0.00314   0.00039  -0.0660   0.8031   0.4325
  -2.000   0.0008   0.00303   0.00031  -0.0671   0.7657   0.4823
  -1.000   0.1165   0.00307   0.00029  -0.0682   0.7255   0.5061
   0.000   0.2311   0.00322   0.00032  -0.0691   0.6630   0.5307
   1.000   0.3431   0.00369   0.00045  -0.0695   0.5412   0.5443
   2.000   0.4474   0.00509   0.00090  -0.0687   0.2384   0.5558
   3.000   0.5558   0.00611   0.00137  -0.0686   0.0671   0.5708
   4.000   0.6676   0.00671   0.00179  -0.0690   0.0280   0.5852
   5.000   0.7797   0.00721   0.00226  -0.0694   0.0174   0.6034
   6.000   0.8904   0.00779   0.00282  -0.0696   0.0121   0.6231
   7.000   1.0000   0.00846   0.00350  -0.0696   0.0092   0.6448
   8.000   1.1082   0.00921   0.00429  -0.0695   0.0075   0.6708
   9.000   1.2147   0.01009   0.00523  -0.0691   0.0063   0.6988
  10.000   1.3176   0.01126   0.00650  -0.0681   0.0052   0.7306
  11.000   1.4192   0.01227   0.00760  -0.0670   0.0048   0.7682
  12.000   1.5142   0.01382   0.00931  -0.0649   0.0041   0.8198
  13.000   1.6070   0.01521   0.01101  -0.0625   0.0039   0.9320
  14.000   1.6909   0.01680   0.01276  -0.0587   0.0037   1.0003
  15.000   1.7685   0.01886   0.01492  -0.0543   0.0035   1.0003
  16.000   1.8183   0.02157   0.01777  -0.0457   0.0032   1.0003
  17.000   1.8370   0.02670   0.02325  -0.0351   0.0029   1.0003
  18.000   1.8660   0.03176   0.02848  -0.0285   0.0028   1.0003
  19.000   1.8828   0.03868   0.03560  -0.0236   0.0028   1.0003
  20.000   1.8831   0.04843   0.04556  -0.0214   0.0027   1.0003
  21.000   1.8389   0.06596   0.06347  -0.0243   0.0027   1.0003
  22.000   1.7036   0.10296   0.10105  -0.0422   0.0027   1.0003
 
