 -15.000  -0.5502   0.14686   0.14518  -0.0173   0.9997   0.0108
 -14.000  -0.9978   0.03833   0.03474  -0.0560   0.9997   0.0081
 -13.000  -1.0115   0.02545   0.02134  -0.0557   0.9997   0.0084
 -12.000  -0.9915   0.01852   0.01410  -0.0540   0.9997   0.0091
 -11.000  -0.9846   0.01479   0.01004  -0.0445   0.9997   0.0099
 -10.000  -0.9222   0.01128   0.00626  -0.0419   0.9966   0.0111
  -9.000  -0.8041   0.00874   0.00348  -0.0482   0.9902   0.0135
  -8.000  -0.6804   0.00707   0.00165  -0.0544   0.9831   0.0175
  -6.000  -0.4413   0.00492  -0.00055  -0.0625   0.9602   0.0487
  -5.000  -0.3338   0.00398  -0.00106  -0.0637   0.9400   0.1660
  -4.000  -0.2277   0.00284  -0.00114  -0.0650   0.9175   0.4850
  -3.000  -0.1146   0.00277  -0.00127  -0.0656   0.8937   0.5311
  -2.000  -0.0011   0.00280  -0.00135  -0.0662   0.8685   0.5654
  -1.000   0.1124   0.00277  -0.00143  -0.0669   0.8423   0.5776
   0.000   0.2252   0.00278  -0.00146  -0.0673   0.8096   0.5903
   1.000   0.3397   0.00556   0.00120  -0.0683   0.7636   0.6053
   2.000   0.4488   0.00586   0.00135  -0.0677   0.6754   0.6203
   3.000   0.5425   0.00786   0.00208  -0.0650   0.3313   0.6370
   4.000   0.6384   0.01016   0.00326  -0.0631   0.0594   0.6561
   5.000   0.7442   0.01129   0.00437  -0.0625   0.0302   0.6777
   6.000   0.8481   0.01257   0.00578  -0.0615   0.0209   0.7030
   7.000   0.9494   0.01408   0.00746  -0.0602   0.0161   0.7320
   8.000   1.0453   0.01598   0.00961  -0.0581   0.0131   0.7659
   9.000   1.1356   0.01839   0.01239  -0.0552   0.0112   0.8088
  10.000   1.2159   0.02147   0.01598  -0.0509   0.0098   0.8744
  11.000   1.2844   0.02428   0.01928  -0.0447   0.0088   1.0003