 -22.000  -1.5280   0.08143   0.07901  -0.0343   0.9997   0.0017
 -21.000  -1.5828   0.06133   0.05858  -0.0429   0.9997   0.0017
 -20.000  -1.6035   0.04731   0.04431  -0.0475   0.9997   0.0017
 -19.000  -1.6036   0.03703   0.03381  -0.0496   0.9997   0.0018
 -18.000  -1.5838   0.02928   0.02588  -0.0503   0.9997   0.0018
 -17.000  -1.5449   0.02344   0.01989  -0.0505   0.9997   0.0018
 -16.000  -1.4914   0.01907   0.01538  -0.0504   0.9997   0.0019
 -15.000  -1.4099   0.01596   0.01216  -0.0526   0.9816   0.0020
 -14.000  -1.3240   0.01401   0.01001  -0.0519   0.9334   0.0023
 -13.000  -1.2275   0.01245   0.00829  -0.0522   0.8910   0.0026
 -12.000  -1.1252   0.01118   0.00690  -0.0529   0.8562   0.0027
 -11.000  -1.0195   0.01005   0.00569  -0.0538   0.8293   0.0032
 -10.000  -0.9112   0.00910   0.00467  -0.0549   0.8032   0.0037
  -9.000  -0.8012   0.00828   0.00380  -0.0561   0.7803   0.0045
  -8.000  -0.6895   0.00760   0.00308  -0.0573   0.7579   0.0054
  -7.000  -0.5766   0.00700   0.00247  -0.0586   0.7366   0.0073
  -6.000  -0.4629   0.00651   0.00197  -0.0599   0.7151   0.0101
  -5.000  -0.3485   0.00610   0.00156  -0.0613   0.6932   0.0151
  -4.000  -0.2339   0.00574   0.00122  -0.0625   0.6655   0.0277
  -3.000  -0.1208   0.00559   0.00099  -0.0634   0.5950   0.0514
  -2.000  -0.0102   0.00572   0.00088  -0.0639   0.4514   0.1026
  -1.000   0.1010   0.00584   0.00084  -0.0646   0.3077   0.1917
   1.000   0.3253   0.00594   0.00096  -0.0665   0.0607   0.4711
   2.000   0.4392   0.00631   0.00120  -0.0672   0.0307   0.4800
   3.000   0.5528   0.00668   0.00149  -0.0679   0.0183   0.4887
   5.000   0.7777   0.00758   0.00231  -0.0689   0.0083   0.5074
   6.000   0.8886   0.00814   0.00284  -0.0691   0.0064   0.5168
   7.000   0.9983   0.00878   0.00348  -0.0692   0.0051   0.5277
   8.000   1.1059   0.00954   0.00425  -0.0689   0.0039   0.5393
   9.000   1.2121   0.01038   0.00512  -0.0684   0.0035   0.5519
  10.000   1.3155   0.01139   0.00616  -0.0676   0.0029   0.5653
  11.000   1.4168   0.01248   0.00731  -0.0664   0.0028   0.5809
  12.000   1.5147   0.01375   0.00865  -0.0648   0.0026   0.5978
  13.000   1.6075   0.01528   0.01028  -0.0625   0.0022   0.6172
  14.000   1.6942   0.01701   0.01212  -0.0593   0.0020   0.6385
  15.000   1.7727   0.01894   0.01420  -0.0550   0.0019   0.6626
  16.000   1.8279   0.02126   0.01668  -0.0471   0.0019   0.6895
  17.000   1.8718   0.02444   0.02007  -0.0391   0.0018   0.7204
  18.000   1.9047   0.02886   0.02473  -0.0318   0.0018   0.7567
  19.000   1.9226   0.03523   0.03141  -0.0258   0.0017   0.8113
  20.000   1.9176   0.04461   0.04138  -0.0219   0.0015   1.0003
  21.000   1.8909   0.05882   0.05589  -0.0224   0.0015   1.0003
  22.000   1.8281   0.08123   0.07869  -0.0303   0.0015   1.0003
  23.000   1.5991   0.13892   0.13717  -0.0645   0.0015   1.0003
  24.000   1.1758   0.28305   0.28253  -0.1735   0.0012   1.0003
