   0.99940  0.21817
   0.99562  0.20131
   0.98897  0.17561
   0.98121  0.15044
   0.97261  0.12704
   0.96346  0.10427
   0.95402  0.07962
   0.94442  0.04716
   0.93475 -0.00067
   0.92504 -0.07166
   0.91531 -0.14365
   0.90556 -0.14648
   0.89580 -0.14904
   0.88603 -0.15143
   0.87625 -0.15375
   0.86647 -0.15606
   0.85668 -0.15842
   0.84689 -0.16086
   0.83709 -0.16344
   0.82730 -0.16620
   0.81750 -0.16916
   0.80770 -0.17238
   0.79791 -0.17588
   0.78811 -0.17967
   0.77832 -0.18371
   0.76852 -0.18800
   0.75872 -0.19261
   0.74892 -0.19758
   0.73912 -0.20292
   0.72933 -0.20861
   0.71953 -0.21459
   0.70973 -0.22079
   0.69993 -0.22715
   0.69012 -0.23358
   0.68032 -0.24002
   0.67052 -0.24643
   0.66072 -0.25278
   0.65093 -0.25900
   0.64113 -0.26502
   0.63134 -0.27093
   0.62156 -0.27658
   0.61178 -0.28202
   0.60201 -0.28706
   0.59224 -0.29167
   0.58249 -0.29596
   0.57274 -0.29955
   0.56299 -0.30258
   0.55324 -0.30496
   0.54348 -0.30669
   0.53373 -0.30787
   0.52396 -0.30845
   0.51419 -0.30870
   0.50441 -0.30824
   0.49463 -0.30778
   0.48483 -0.30642
   0.47503 -0.30514
   0.46522 -0.30340
   0.45541 -0.30157
   0.44558 -0.29936
   0.43575 -0.29726
   0.42592 -0.29495
   0.41608 -0.29262
   0.40624 -0.29024
   0.39640 -0.28781
   0.38656 -0.28528
   0.37672 -0.28268
   0.36689 -0.27998
   0.35706 -0.27712
   0.34723 -0.27406
   0.33741 -0.27108
   0.32759 -0.26769
   0.31777 -0.26444
   0.30796 -0.26051
   0.29815 -0.25698
   0.28835 -0.25292
   0.27856 -0.24908
   0.26877 -0.24508
   0.25899 -0.24067
   0.24923 -0.23617
   0.23948 -0.23142
   0.22974 -0.22616
   0.22002 -0.22096
   0.21031 -0.21552
   0.20062 -0.20948
   0.19095 -0.20328
   0.18130 -0.19643
   0.17168 -0.18955
   0.16209 -0.18174
   0.15253 -0.17320
   0.14301 -0.16400
   0.13352 -0.15419
   0.12409 -0.14350
   0.11470 -0.13168
   0.10539 -0.11919
   0.09617 -0.10481
   0.08706 -0.08951
   0.07809 -0.07169
   0.06932 -0.05224
   0.06082 -0.03033
   0.05271 -0.00483
   0.04512  0.02321
   0.03821  0.05434
   0.03210  0.08801
   0.02683  0.12554
   0.02235  0.16712
   0.01857  0.21295
   0.01537  0.26392
   0.01266  0.31979
   0.01035  0.38303
   0.00837  0.45053
   0.00666  0.52698
   0.00519  0.60760
   0.00393  0.69345
   0.00286  0.77963
   0.00197  0.86505
   0.00124  0.93770
   0.00069  0.98680
   0.00030  0.99889
   0.00008  0.96697
   0.00000  0.88869
   0.00006  0.77435
   0.00027  0.62878
   0.00063  0.46411
   0.00117  0.29945
   0.00188  0.15699
   0.00275  0.03329
   0.00380 -0.06780
   0.00503 -0.14829
   0.00647 -0.21495
   0.00815 -0.26888
   0.01011 -0.30751
   0.01238 -0.34089
   0.01505 -0.36517
   0.01818 -0.38443
   0.02189 -0.39957
   0.02627 -0.40972
   0.03140 -0.41670
   0.03734 -0.42096
   0.04405 -0.42297
   0.05144 -0.42265
   0.05938 -0.42150
   0.06773 -0.41932
   0.07638 -0.41714
   0.08526 -0.41456
   0.09431 -0.41251
   0.10349 -0.41106
   0.11277 -0.40978
   0.12212 -0.40906
   0.13154 -0.40816
   0.14101 -0.40756
   0.15052 -0.40705
   0.16008 -0.40694
   0.16967 -0.40682
   0.17929 -0.40694
   0.18892 -0.40746
   0.19858 -0.40783
   0.20826 -0.40853
   0.21796 -0.40942
   0.22767 -0.41053
   0.23739 -0.41202
   0.24711 -0.41369
   0.25684 -0.41588
   0.26657 -0.41812
   0.27629 -0.42100
   0.28600 -0.42387
   0.29569 -0.42714
   0.30536 -0.43008
   0.31501 -0.43274
   0.32464 -0.43466
   0.33424 -0.43596
   0.34383 -0.43597
   0.35340 -0.43468
   0.36296 -0.43209
   0.37251 -0.42807
   0.38205 -0.42250
   0.39159 -0.41527
   0.40113 -0.40673
   0.41067 -0.39684
   0.42023 -0.38582
   0.42979 -0.37423
   0.43936 -0.36240
   0.44895 -0.35116
   0.45855 -0.34102
   0.46817 -0.33234
   0.47782 -0.32495
   0.48748 -0.31839
   0.49716 -0.31276
   0.50686 -0.30802
   0.51659 -0.30401
   0.52634 -0.30055
   0.53611 -0.29748
   0.54590 -0.29467
   0.55571 -0.29196
   0.56553 -0.28927
   0.57538 -0.28645
   0.58524 -0.28335
   0.59511 -0.27978
   0.60501 -0.25343
   0.61491 -0.14451
   0.62483 -0.05902
   0.63476 -0.01509
   0.64471  0.00549
   0.65466  0.01599
   0.66462  0.02371
   0.67457  0.03091
   0.68451  0.03886
   0.69444  0.04735
   0.70435  0.05661
   0.71425  0.06590
   0.72413  0.07574
   0.73399  0.08569
   0.74383  0.09550
   0.75366  0.10541
   0.76348  0.11503
   0.77328  0.12420
   0.78308  0.13360
   0.79286  0.14249
   0.80264  0.15147
   0.81241  0.16035
   0.82215  0.16898
   0.83189  0.17743
   0.84160  0.18554
   0.85129  0.19356
   0.86097  0.20120
   0.87062  0.20837
   0.88024  0.21563
   0.88983  0.22194
   0.89939  0.22801
   0.90891  0.23327
   0.91839  0.23793
   0.92783  0.24190
   0.93722  0.24467
   0.94653  0.24688
   0.95573  0.24742
   0.96477  0.24618
   0.97355  0.24333
   0.98189  0.23815
   0.98950  0.23223
   0.99616  0.22498
   1.00000  0.21817
