#    x        Cp  
   0.99940  0.20869
   0.99562  0.19039
   0.98897  0.16074
   0.98121  0.13097
   0.97261  0.10323
   0.96346  0.07764
   0.95402  0.05506
   0.94442  0.03442
   0.93475  0.01581
   0.92504 -0.00044
   0.91531 -0.01615
   0.90556 -0.03026
   0.89580 -0.04377
   0.88603 -0.05608
   0.87625 -0.06811
   0.86647 -0.07974
   0.85668 -0.09033
   0.84689 -0.10110
   0.83709 -0.11145
   0.82730 -0.12126
   0.81750 -0.13133
   0.80770 -0.14043
   0.79791 -0.15002
   0.78811 -0.15889
   0.77832 -0.16756
   0.76852 -0.17603
   0.75872 -0.18421
   0.74892 -0.19229
   0.73912 -0.19999
   0.72933 -0.20764
   0.71953 -0.21489
   0.70973 -0.22198
   0.69993 -0.22911
   0.69012 -0.23589
   0.68032 -0.24249
   0.67052 -0.24906
   0.66072 -0.25552
   0.65093 -0.26181
   0.64113 -0.26774
   0.63134 -0.27382
   0.62156 -0.27953
   0.61178 -0.28526
   0.60201 -0.29043
   0.59224 -0.29512
   0.58249 -0.29974
   0.57274 -0.30340
   0.56299 -0.30644
   0.55324 -0.30874
   0.54348 -0.31033
   0.53373 -0.31134
   0.52396 -0.31164
   0.51419 -0.31189
   0.50441 -0.31099
   0.49463 -0.31075
   0.48483 -0.30879
   0.47503 -0.30754
   0.46522 -0.30551
   0.45541 -0.30362
   0.44558 -0.30103
   0.43575 -0.29887
   0.42592 -0.29639
   0.41608 -0.29397
   0.40624 -0.29148
   0.39640 -0.28908
   0.38656 -0.28658
   0.37672 -0.28389
   0.36689 -0.28127
   0.35706 -0.27844
   0.34723 -0.27523
   0.33741 -0.27243
   0.32759 -0.26886
   0.31777 -0.26595
   0.30796 -0.26141
   0.29815 -0.25819
   0.28835 -0.25363
   0.27856 -0.24969
   0.26877 -0.24540
   0.25899 -0.24044
   0.24923 -0.23506
   0.23948 -0.22862
   0.22974 -0.22072
   0.22002 -0.21376
   0.21031 -0.21277
   0.20062 -0.22004
   0.19095 -0.21042
   0.18130 -0.20236
   0.17168 -0.19563
   0.16209 -0.18781
   0.15253 -0.17964
   0.14301 -0.17076
   0.13352 -0.16140
   0.12409 -0.15118
   0.11470 -0.13975
   0.10539 -0.12803
   0.09617 -0.11418
   0.08706 -0.09967
   0.07809 -0.08248
   0.06932 -0.06400
   0.06082 -0.04299
   0.05271 -0.01852
   0.04512  0.00832
   0.03821  0.03822
   0.03210  0.07033
   0.02683  0.10634
   0.02235  0.14657
   0.01857  0.19026
   0.01537  0.24057
   0.01266  0.29459
   0.01035  0.35744
   0.00837  0.42366
   0.00666  0.50052
   0.00519  0.58086
   0.00393  0.66884
   0.00286  0.75728
   0.00197  0.84602
   0.00124  0.92383
   0.00069  0.97998
   0.00030  0.99997
   0.00008  0.97603
   0.00000  0.90593
   0.00006  0.79821
   0.00027  0.65770
   0.00063  0.49709
   0.00117  0.33466
   0.00188  0.19490
   0.00275  0.06942
   0.00380 -0.03176
   0.00503 -0.11278
   0.00647 -0.18108
   0.00815 -0.23641
   0.01011 -0.27493
   0.01238 -0.31133
   0.01505 -0.33635
   0.01818 -0.35763
   0.02189 -0.37432
   0.02627 -0.38578
   0.03140 -0.39471
   0.03734 -0.40036
   0.04405 -0.40405
   0.05144 -0.40484
   0.05938 -0.40483
   0.06773 -0.40378
   0.07638 -0.40267
   0.08526 -0.40077
   0.09431 -0.39971
   0.10349 -0.39909
   0.11277 -0.39866
   0.12212 -0.39883
   0.13154 -0.39834
   0.14101 -0.39850
   0.15052 -0.39839
   0.16008 -0.39898
   0.16967 -0.39938
   0.17929 -0.40005
   0.18892 -0.40120
   0.19858 -0.40203
   0.20826 -0.40320
   0.21796 -0.40478
   0.22767 -0.40633
   0.23739 -0.40860
   0.24711 -0.41083
   0.25684 -0.41391
   0.26657 -0.41688
   0.27629 -0.42087
   0.28600 -0.42466
   0.29569 -0.42938
   0.30536 -0.43349
   0.31501 -0.43755
   0.32464 -0.44079
   0.33424 -0.44363
   0.34383 -0.44502
   0.35340 -0.44519
   0.36296 -0.44419
   0.37251 -0.44186
   0.38205 -0.43809
   0.39159 -0.43271
   0.40113 -0.42621
   0.41067 -0.41844
   0.42023 -0.40945
   0.42979 -0.39992
   0.43936 -0.38955
   0.44895 -0.37944
   0.45855 -0.36979
   0.46817 -0.36162
   0.47782 -0.35663
   0.48748 -0.30721
   0.49716 -0.27420
   0.50686 -0.25889
   0.51659 -0.24592
   0.52634 -0.23227
   0.53611 -0.21760
   0.54590 -0.20236
   0.55571 -0.18751
   0.56553 -0.17193
   0.57538 -0.15637
   0.58524 -0.14117
   0.59511 -0.12617
   0.60501 -0.11095
   0.61491 -0.09637
   0.62483 -0.08126
   0.63476 -0.06697
   0.64471 -0.05238
   0.65466 -0.03839
   0.66462 -0.02408
   0.67457 -0.01048
   0.68451  0.00323
   0.69444  0.01644
   0.70435  0.02976
   0.71425  0.04220
   0.72413  0.05484
   0.73399  0.06716
   0.74383  0.07889
   0.75366  0.09057
   0.76348  0.10165
   0.77328  0.11198
   0.78308  0.12259
   0.79286  0.13239
   0.80264  0.14232
   0.81241  0.15209
   0.82215  0.16152
   0.83189  0.17074
   0.84160  0.17954
   0.85129  0.18829
   0.86097  0.19661
   0.87062  0.20437
   0.88024  0.21242
   0.88983  0.21927
   0.89939  0.22601
   0.90891  0.23178
   0.91839  0.23700
   0.92783  0.24154
   0.93722  0.24466
   0.94653  0.24742
   0.95573  0.24813
   0.96477  0.24674
   0.97355  0.24354
   0.98189  0.23725
   0.98950  0.23020
   0.99616  0.22104
   1.00000  0.20869
