 -21.000  -1.3377   0.09819   0.09455  -0.0268   0.2000   0.0030
 -20.000  -1.4347   0.06923   0.06515  -0.0410   0.2000   0.0030
 -19.000  -1.4731   0.05201   0.04759  -0.0477   0.2000   0.0031
 -18.000  -1.4808   0.04045   0.03575  -0.0505   0.2000   0.0032
 -17.000  -1.4649   0.03217   0.02722  -0.0515   0.2000   0.0034
 -16.000  -1.4282   0.02606   0.02089  -0.0518   0.2000   0.0035
 -15.000  -1.3745   0.02154   0.01616  -0.0519   0.2000   0.0037
 -14.000  -1.3076   0.01829   0.01270  -0.0516   0.2000   0.0039
 -13.000  -1.2222   0.01600   0.01023  -0.0511   0.2000   0.0045
 -12.000  -1.1258   0.01442   0.00851  -0.0513   0.2000   0.0049
 -11.000  -1.0255   0.01292   0.00688  -0.0517   0.2000   0.0057
 -10.000  -0.9203   0.01185   0.00571  -0.0525   0.2000   0.0065
  -9.000  -0.8126   0.01082   0.00459  -0.0534   0.2000   0.0080
  -8.000  -0.7030   0.01001   0.00371  -0.0544   0.2000   0.0101
  -7.000  -0.5919   0.00929   0.00296  -0.0555   0.2000   0.0145
  -6.000  -0.4794   0.00871   0.00237  -0.0567   0.2000   0.0228
  -5.000  -0.3662   0.00815   0.00187  -0.0580   0.2000   0.0457
  -4.000  -0.2524   0.00752   0.00144  -0.0593   0.2000   0.1121
  -3.000  -0.1388   0.00624   0.00090  -0.0612   0.2000   0.3498
  -2.000  -0.0234   0.00577   0.00075  -0.0627   0.2000   0.4712
  -1.000   0.0926   0.00574   0.00077  -0.0640   0.2000   0.5095
   0.000   0.2086   0.00580   0.00084  -0.0651   0.2000   0.5308
   1.000   0.3245   0.00590   0.00096  -0.0662   0.2000   0.5423
   2.000   0.4397   0.00608   0.00114  -0.0672   0.1888   0.5543
   3.000   0.5487   0.00702   0.00162  -0.0672   0.0581   0.5672
   4.000   0.6600   0.00761   0.00210  -0.0675   0.0274   0.5820
   5.000   0.7712   0.00819   0.00264  -0.0678   0.0176   0.5978
   6.000   0.8809   0.00885   0.00330  -0.0678   0.0124   0.6159
   7.000   0.9893   0.00960   0.00408  -0.0677   0.0095   0.6365
   8.000   1.0958   0.01048   0.00502  -0.0673   0.0077   0.6600
   9.000   1.2002   0.01152   0.00615  -0.0665   0.0064   0.6861
  10.000   1.3018   0.01274   0.00747  -0.0655   0.0054   0.7155
  11.000   1.3998   0.01408   0.00897  -0.0638   0.0049   0.7502
  12.000   1.4933   0.01561   0.01066  -0.0616   0.0044   0.7934
  13.000   1.5783   0.01769   0.01304  -0.0582   0.0039   0.8626
  14.000   1.6540   0.01946   0.01518  -0.0532   0.0037   1.0003
  15.000   1.7122   0.02201   0.01789  -0.0459   0.0035   1.0003
  16.000   1.7561   0.02543   0.02150  -0.0379   0.0033   1.0003
  17.000   1.7827   0.03062   0.02694  -0.0303   0.0031   1.0003
  18.000   1.7792   0.03938   0.03609  -0.0238   0.0029   1.0003
  19.000   1.7636   0.05115   0.04822  -0.0217   0.0028   1.0003
  20.000   1.7244   0.06891   0.06636  -0.0258   0.0028   1.0003
  21.000   1.4580   0.13593   0.13438  -0.0642   0.0029   1.0003
