 -22.000  -0.9254   0.20459   0.20361   0.0360   0.9997   0.0034
 -21.000  -1.3440   0.09669   0.09459  -0.0265   0.9997   0.0030
 -20.000  -1.4407   0.06783   0.06525  -0.0406   0.9997   0.0030
 -19.000  -1.4784   0.05066   0.04773  -0.0472   0.9997   0.0031
 -18.000  -1.4857   0.03910   0.03589  -0.0500   0.9997   0.0032
 -17.000  -1.4687   0.03081   0.02737  -0.0510   0.9997   0.0034
 -16.000  -1.4311   0.02468   0.02104  -0.0514   0.9997   0.0035
 -15.000  -1.3789   0.02015   0.01633  -0.0511   0.9997   0.0037
 -14.000  -1.3264   0.01713   0.01316  -0.0472   0.9997   0.0039
 -13.000  -1.2372   0.01463   0.01054  -0.0476   0.9979   0.0045
 -12.000  -1.1202   0.01283   0.00867  -0.0523   0.9949   0.0049
 -11.000  -1.0029   0.01114   0.00692  -0.0564   0.9900   0.0058
 -10.000  -0.8937   0.00993   0.00566  -0.0580   0.9767   0.0067
  -9.000  -0.7863   0.00888   0.00456  -0.0587   0.9571   0.0081
  -8.000  -0.6778   0.00799   0.00360  -0.0594   0.9340   0.0107
  -7.000  -0.5669   0.00727   0.00284  -0.0604   0.9089   0.0149
  -6.000  -0.4548   0.00663   0.00219  -0.0614   0.8831   0.0246
  -5.000  -0.3420   0.00604   0.00165  -0.0625   0.8567   0.0502
  -4.000  -0.2285   0.00535   0.00118  -0.0637   0.8304   0.1234
  -3.000  -0.1163   0.00397   0.00057  -0.0653   0.8032   0.3802
  -2.000  -0.0020   0.00364   0.00041  -0.0664   0.7665   0.4748
  -1.000   0.1129   0.00365   0.00039  -0.0674   0.7214   0.5122
   0.000   0.2271   0.00382   0.00042  -0.0681   0.6592   0.5311
   1.000   0.3341   0.00479   0.00068  -0.0677   0.4405   0.5425
   2.000   0.4397   0.00608   0.00114  -0.0672   0.1885   0.5543
   3.000   0.5487   0.00702   0.00162  -0.0672   0.0581   0.5672
   4.000   0.6600   0.00761   0.00210  -0.0675   0.0274   0.5820
   5.000   0.7712   0.00819   0.00264  -0.0678   0.0176   0.5978
   7.000   0.9893   0.00960   0.00408  -0.0677   0.0095   0.6365
   8.000   1.0958   0.01048   0.00502  -0.0673   0.0077   0.6600
   9.000   1.2002   0.01152   0.00615  -0.0665   0.0064   0.6861
  10.000   1.3018   0.01274   0.00747  -0.0655   0.0054   0.7155
  11.000   1.3998   0.01408   0.00896  -0.0638   0.0049   0.7503
  12.000   1.4933   0.01561   0.01066  -0.0616   0.0044   0.7934
  13.000   1.5783   0.01769   0.01304  -0.0582   0.0039   0.8626
  14.000   1.6540   0.01946   0.01518  -0.0532   0.0037   1.0003
  15.000   1.7122   0.02201   0.01789  -0.0459   0.0035   1.0003
  16.000   1.7561   0.02543   0.02150  -0.0379   0.0033   1.0003
  17.000   1.7827   0.03062   0.02694  -0.0303   0.0031   1.0003
  18.000   1.7786   0.03944   0.03616  -0.0238   0.0029   1.0003
  19.000   1.7641   0.05110   0.04816  -0.0217   0.0028   1.0003
  20.000   1.7244   0.06891   0.06636  -0.0258   0.0028   1.0003
  21.000   1.4485   0.13804   0.13652  -0.0656   0.0029   1.0003
