   0.00000  0.99940  0.00013  0.92601  0.014476  0.006871  0.000419     2.107
   0.00387  0.99562  0.00092  0.92925  0.014089  0.006772  0.000444     2.080
   0.01065  0.98897  0.00229  0.93643  0.013277  0.006562  0.000504     2.023
   0.01856  0.98121  0.00386  0.94496  0.012433  0.006326  0.000575     1.965
   0.02734  0.97261  0.00556  0.95463  0.011597  0.006075  0.000655     1.909
   0.03665  0.96346  0.00733  0.96514  0.010803  0.005819  0.000742     1.857
   0.04626  0.95402  0.00913  0.97605  0.010078  0.005569  0.000832     1.810
   0.05603  0.94442  0.01092  0.98707  0.009430  0.005333  0.000924     1.768
   0.06586  0.93475  0.01270  0.99804  0.008855  0.005112  0.001015     1.732
   0.07573  0.92504  0.01446  1.00885  0.008343  0.004906  0.001106     1.701
   0.08561  0.91531  0.01619  1.01942  0.007889  0.004716  0.001195     1.673
   0.09551  0.90556  0.01790  1.02986  0.007479  0.004537  0.001283     1.648
   0.10541  0.89580  0.01958  1.03989  0.007116  0.004374  0.001367     1.627
   0.11532  0.88603  0.02123  1.04966  0.006788  0.004222  0.001450     1.608
   0.12524  0.87625  0.02286  1.05930  0.006487  0.004079  0.001532     1.590
   0.13515  0.86647  0.02447  1.06864  0.006214  0.003946  0.001612     1.575
   0.14507  0.85668  0.02605  1.07769  0.005966  0.003822  0.001690     1.561
   0.15498  0.84689  0.02761  1.08659  0.005736  0.003705  0.001767     1.548
   0.16490  0.83709  0.02914  1.09526  0.005523  0.003594  0.001842     1.537
   0.17481  0.82730  0.03065  1.10386  0.005323  0.003489  0.001917     1.526
   0.18472  0.81750  0.03213  1.11215  0.005140  0.003390  0.001990     1.516
   0.19462  0.80770  0.03358  1.12031  0.004968  0.003297  0.002062     1.507
   0.20452  0.79791  0.03501  1.12849  0.004802  0.003206  0.002135     1.498
   0.21441  0.78811  0.03641  1.13644  0.004648  0.003120  0.002206     1.490
   0.22430  0.77832  0.03777  1.14411  0.004506  0.003039  0.002275     1.483
   0.23419  0.76852  0.03911  1.15183  0.004368  0.002960  0.002345     1.476
   0.24408  0.75872  0.04042  1.15913  0.004243  0.002887  0.002411     1.470
   0.25396  0.74892  0.04170  1.16665  0.004118  0.002814  0.002481     1.463
   0.26384  0.73912  0.04295  1.17381  0.004004  0.002746  0.002547     1.458
   0.27371  0.72933  0.04416  1.18118  0.003889  0.002678  0.002616     1.452
   0.28358  0.71953  0.04535  1.18813  0.003785  0.002616  0.002682     1.447
   0.29345  0.70973  0.04650  1.19493  0.003686  0.002555  0.002745     1.443
   0.30331  0.69993  0.04762  1.20200  0.003586  0.002495  0.002814     1.438
   0.31317  0.69012  0.04871  1.20887  0.003492  0.002437  0.002881     1.433
   0.32303  0.68032  0.04976  1.21557  0.003403  0.002381  0.002946     1.429
   0.33288  0.67052  0.05078  1.22225  0.003316  0.002327  0.003012     1.425
   0.34273  0.66072  0.05177  1.22899  0.003231  0.002274  0.003080     1.421
   0.35258  0.65093  0.05271  1.23555  0.003150  0.002223  0.003146     1.417
   0.36241  0.64113  0.05363  1.24212  0.003071  0.002173  0.003213     1.413
   0.37224  0.63134  0.05450  1.24875  0.002994  0.002124  0.003282     1.410
   0.38206  0.62156  0.05534  1.25507  0.002921  0.002077  0.003348     1.406
   0.39187  0.61178  0.05613  1.26153  0.002849  0.002031  0.003417     1.403
   0.40167  0.60201  0.05689  1.26798  0.002778  0.001985  0.003487     1.400
   0.41146  0.59224  0.05760  1.27392  0.002715  0.001943  0.003550     1.397
   0.42124  0.58249  0.05826  1.27999  0.002651  0.001902  0.003617     1.394
   0.43101  0.57274  0.05888  1.28576  0.002591  0.001862  0.003680     1.392
   0.44078  0.56299  0.05946  1.29115  0.002536  0.001825  0.003738     1.390
   0.45054  0.55324  0.05998  1.29648  0.002482  0.001789  0.003795     1.388
   0.46031  0.54348  0.06046  1.30137  0.002433  0.001755  0.003847     1.386
   0.47007  0.53373  0.06089  1.30599  0.002387  0.001723  0.003895     1.385
   0.47985  0.52396  0.06128  1.31061  0.002341  0.001692  0.003943     1.384
   0.48962  0.51419  0.06162  1.31501  0.002298  0.001661  0.003988     1.383
   0.49941  0.50441  0.06191  1.31914  0.002258  0.001633  0.004029     1.383
   0.50920  0.49463  0.06216  1.32329  0.002218  0.001604  0.004071     1.383
   0.51899  0.48483  0.06237  1.32721  0.002180  0.001577  0.004108     1.383
   0.52879  0.47503  0.06254  1.33116  0.002143  0.001549  0.004146     1.383
   0.53860  0.46522  0.06266  1.33486  0.002108  0.001524  0.004180     1.383
   0.54842  0.45541  0.06275  1.33883  0.002071  0.001497  0.004218     1.384
   0.55824  0.44558  0.06279  1.34270  0.002036  0.001471  0.004253     1.384
   0.56807  0.43575  0.06280  1.34646  0.002001  0.001445  0.004287     1.385
   0.57791  0.42592  0.06278  1.35052  0.001966  0.001419  0.004325     1.385
   0.58775  0.41608  0.06271  1.35451  0.001931  0.001393  0.004361     1.386
   0.59759  0.40624  0.06261  1.35872  0.001896  0.001367  0.004400     1.387
   0.60743  0.39640  0.06247  1.36301  0.001860  0.001341  0.004439     1.387
   0.61727  0.38656  0.06230  1.36740  0.001825  0.001315  0.004480     1.388
   0.62711  0.37672  0.06209  1.37192  0.001789  0.001288  0.004522     1.389
   0.63694  0.36689  0.06185  1.37671  0.001752  0.001262  0.004569     1.389
   0.64678  0.35706  0.06157  1.38126  0.001718  0.001236  0.004610     1.390
   0.65661  0.34723  0.06125  1.38617  0.001682  0.001209  0.004656     1.391
   0.66644  0.33741  0.06089  1.39119  0.001646  0.001182  0.004703     1.392
   0.67627  0.32759  0.06050  1.39627  0.001611  0.001156  0.004750     1.393
   0.68610  0.31777  0.06007  1.40180  0.001573  0.001129  0.004803     1.394
   0.69592  0.30796  0.05959  1.40681  0.001540  0.001103  0.004846     1.396
   0.70574  0.29815  0.05909  1.41280  0.001502  0.001075  0.004905     1.397
   0.71556  0.28835  0.05854  1.41858  0.001466  0.001049  0.004958     1.398
   0.72537  0.27856  0.05795  1.42474  0.001429  0.001021  0.005016     1.399
   0.73518  0.26877  0.05733  1.43120  0.001392  0.000994  0.005077     1.401
   0.74497  0.25899  0.05666  1.43795  0.001354  0.000966  0.005141     1.402
   0.75476  0.24923  0.05595  1.44498  0.001317  0.000938  0.005208     1.404
   0.76454  0.23948  0.05520  1.45237  0.001279  0.000910  0.005279     1.406
   0.77431  0.22974  0.05440  1.45989  0.001241  0.000882  0.005349     1.408
   0.78408  0.22002  0.05356  1.46802  0.001202  0.000853  0.005427     1.410
   0.79383  0.21031  0.05267  1.47681  0.001163  0.000824  0.005514     1.412
   0.80356  0.20062  0.05173  1.48569  0.001124  0.000795  0.005597     1.414
   0.81328  0.19095  0.05075  1.49555  0.001083  0.000765  0.005695     1.416
   0.82299  0.18130  0.04971  1.50557  0.001044  0.000735  0.005790     1.419
   0.83267  0.17168  0.04862  1.51682  0.001002  0.000704  0.005903     1.422
   0.84233  0.16209  0.04747  1.52871  0.000960  0.000674  0.006022     1.425
   0.85196  0.15253  0.04626  1.54097  0.000919  0.000643  0.006138     1.429
   0.86157  0.14301  0.04499  1.55464  0.000876  0.000612  0.006273     1.433
   0.87114  0.13352  0.04366  1.56953  0.000833  0.000580  0.006420     1.437
   0.88069  0.12409  0.04225  1.58542  0.000790  0.000548  0.006573     1.442
   0.89018  0.11470  0.04078  1.60355  0.000744  0.000515  0.006758     1.447
   0.89962  0.10539  0.03923  1.62339  0.000699  0.000481  0.006959     1.452
   0.90898  0.09617  0.03761  1.64564  0.000652  0.000447  0.007190     1.459
   0.91826  0.08706  0.03590  1.67080  0.000604  0.000412  0.007457     1.465
   0.92740  0.07809  0.03412  1.69908  0.000555  0.000377  0.007762     1.473
   0.93637  0.06932  0.03225  1.73212  0.000504  0.000341  0.008145     1.480
   0.94509  0.06082  0.03030  1.76977  0.000453  0.000305  0.008600     1.488
   0.95345  0.05271  0.02830  1.81302  0.000402  0.000269  0.009161     1.496
   0.96130  0.04512  0.02627  1.86306  0.000351  0.000234  0.009889     1.502
   0.96849  0.03821  0.02426  1.92068  0.000301  0.000200  0.010866     1.503
   0.97490  0.03210  0.02233  1.98384  0.000255  0.000170  0.012106     1.501
   0.98049  0.02683  0.02049  2.05430  0.000212  0.000142  0.013795     1.491
   0.98528  0.02235  0.01877  2.12651  0.000175  0.000118  0.015810     1.477
   0.98939  0.01857  0.01718  2.20404  0.000142  0.000097  0.018389     1.459
   0.99291  0.01537  0.01568  2.27981  0.000116  0.000080  0.021087     1.449
   0.99596  0.01266  0.01428  2.35967  0.000095  0.000065  0.023527     1.458
   0.99863  0.01035  0.01294  2.43320  0.000084  0.000054  0.022015     1.569
   1.00099  0.00837  0.01167  2.51523  0.000090  0.000044  0.011628     2.029
   1.00311  0.00666  0.01043  2.69764  0.000140  0.000030 -0.001110     4.644
   1.00501  0.00519  0.00922  2.79207  0.000136  0.000024 -0.001637     5.764
   1.00673  0.00393  0.00804  2.82799  0.000099  0.000022 -0.001526     4.548
   1.00831  0.00286  0.00687  2.88086  0.000068  0.000019  0.001721     3.505
   1.00978  0.00197  0.00571  2.94820  0.000050  0.000017  0.007821     2.976
   1.01116  0.00124  0.00454  3.00551  0.000039  0.000015  0.015343     2.683
   1.01244  0.00069  0.00338  3.02916  0.000031  0.000013  0.024373     2.474
   1.01364  0.00030  0.00224  2.99589  0.000028  0.000011  0.029450     2.403
   1.01477  0.00008  0.00114  2.92824  0.000025  0.000011  0.033514     2.354
   1.01585  0.00000  0.00007  2.81909  0.000022  0.000010  0.039767     2.254
   1.01692  0.00006 -0.00101  2.64275  0.000022  0.000010  0.038973     2.234
   1.01804  0.00027 -0.00210  2.43895  0.000021  0.000010  0.036987     2.214
   1.01923  0.00063 -0.00324  2.20676  0.000022  0.000010  0.033858     2.192
   1.02051  0.00117 -0.00440  1.95347  0.000022  0.000010  0.029369     2.172
   1.02188  0.00188 -0.00557  1.69911  0.000024  0.000011  0.023856     2.170
   1.02334  0.00275 -0.00674  1.46388  0.000026  0.000012  0.019033     2.170
   1.02491  0.00380 -0.00792  1.24839  0.000028  0.000013  0.014914     2.171
   1.02662  0.00503 -0.00910  1.05089  0.000031  0.000014  0.011487     2.171
   1.02851  0.00647 -0.01032  0.87212  0.000034  0.000016  0.008550     2.184
   1.03061  0.00815 -0.01158  0.70992  0.000037  0.000017  0.006431     2.178
   1.03296  0.01011 -0.01288  0.56151  0.000041  0.000019  0.004475     2.201
   1.03561  0.01238 -0.01424  0.42674  0.000045  0.000020  0.003174     2.188
   1.03864  0.01505 -0.01568  0.30156  0.000050  0.000022  0.001946     2.222
   1.04213  0.01818 -0.01722  0.18550  0.000054  0.000024  0.001133     2.200
   1.04618  0.02189 -0.01886  0.07834  0.000063  0.000028  0.000396     2.230
   1.05090  0.02627 -0.02062 -0.02116  0.000063  0.000028  0.000107     2.230
   1.05637  0.03140 -0.02249 -0.11299  0.000075  0.000034  0.000472     2.248
   1.06263  0.03734 -0.02446 -0.19622  0.000081  0.000036  0.000775     2.234
   1.06964  0.04405 -0.02648 -0.27128  0.000090  0.000040  0.000930     2.270
   1.07730  0.05144 -0.02851 -0.33614  0.000098  0.000043  0.001064     2.263
   1.08548  0.05938 -0.03050 -0.39387  0.000106  0.000047  0.001137     2.274
   1.09404  0.06773 -0.03243 -0.44266  0.000116  0.000051  0.001159     2.288
   1.10289  0.07638 -0.03427 -0.48637  0.000123  0.000054  0.001209     2.281
   1.11195  0.08526 -0.03603 -0.52301  0.000133  0.000058  0.001173     2.306
   1.12115  0.09431 -0.03771 -0.55638  0.000139  0.000061  0.001207     2.292
   1.13047  0.10349 -0.03930 -0.58580  0.000148  0.000064  0.001183     2.306
   1.13987  0.11277 -0.04081 -0.61199  0.000155  0.000067  0.001175     2.309
   1.14933  0.12212 -0.04225 -0.63591  0.000162  0.000070  0.001168     2.310
   1.15885  0.13154 -0.04361 -0.65724  0.000169  0.000073  0.001145     2.318
   1.16840  0.14101 -0.04490 -0.67692  0.000176  0.000076  0.001136     2.318
   1.17800  0.15052 -0.04613 -0.69510  0.000182  0.000078  0.001123     2.320
   1.18762  0.16008 -0.04729 -0.71159  0.000189  0.000081  0.001102     2.326
   1.19728  0.16967 -0.04839 -0.72738  0.000194  0.000084  0.001098     2.323
   1.20695  0.17929 -0.04944 -0.74174  0.000201  0.000086  0.001077     2.330
   1.21664  0.18892 -0.05043 -0.75549  0.000206  0.000089  0.001070     2.328
   1.22634  0.19858 -0.05136 -0.76832  0.000212  0.000091  0.001056     2.331
   1.23606  0.20826 -0.05224 -0.78044  0.000217  0.000093  0.001044     2.333
   1.24579  0.21796 -0.05308 -0.79227  0.000222  0.000095  0.001041     2.330
   1.25554  0.22767 -0.05386 -0.80287  0.000228  0.000098  0.001018     2.338
   1.26528  0.23739 -0.05460 -0.81374  0.000232  0.000099  0.001022     2.331
   1.27503  0.24711 -0.05528 -0.82412  0.000236  0.000101  0.001017     2.330
   1.28478  0.25684 -0.05592 -0.83388  0.000241  0.000103  0.001006     2.333
   1.29453  0.26657 -0.05651 -0.84360  0.000245  0.000105  0.001005     2.330
   1.30426  0.27629 -0.05705 -0.85311  0.000248  0.000107  0.001004     2.328
   1.31399  0.28600 -0.05754 -0.86225  0.000252  0.000108  0.000999     2.328
   1.32369  0.29569 -0.05797 -0.87157  0.000255  0.000110  0.001005     2.322
   1.33336  0.30536 -0.05835 -0.88001  0.000259  0.000111  0.000992     2.327
   1.34302  0.31501 -0.05866 -0.88861  0.000262  0.000113  0.000993     2.324
   1.35265  0.32464 -0.05891 -0.89635  0.000267  0.000115  0.000979     2.330
   1.36225  0.33424 -0.05909 -0.90383  0.000271  0.000116  0.000969     2.333
   1.37184  0.34383 -0.05920 -0.91082  0.000276  0.000118  0.000956     2.338
   1.38141  0.35340 -0.05924 -0.91707  0.000281  0.000120  0.000935     2.348
   1.39097  0.36296 -0.05920 -0.92273  0.000287  0.000122  0.000913     2.357
   1.40052  0.37251 -0.05909 -0.92785  0.000293  0.000124  0.000890     2.367
   1.41006  0.38205 -0.05889 -0.93204  0.000301  0.000126  0.000858     2.383
   1.41961  0.39159 -0.05863 -0.93564  0.000308  0.000129  0.000827     2.398
   1.42915  0.40113 -0.05828 -0.93907  0.000315  0.000131  0.000805     2.407
   1.43871  0.41067 -0.05785 -0.94114  0.000326  0.000134  0.000762     2.432
   1.44828  0.42023 -0.05736 -0.94304  0.000335  0.000137  0.000730     2.448
   1.45785  0.42979 -0.05678 -0.94415  0.000345  0.000140  0.000693     2.470
   1.46745  0.43936 -0.05613 -0.94472  0.000357  0.000143  0.000655     2.493
   1.47706  0.44895 -0.05542 -0.94490  0.000368  0.000146  0.000620     2.515
   1.48670  0.45855 -0.05463 -0.94443  0.000381  0.000150  0.000581     2.542
   1.49636  0.46817 -0.05378 -0.94368  0.000394  0.000154  0.000547     2.567
   1.50604  0.47782 -0.05287 -0.94241  0.000409  0.000157  0.000509     2.596
   1.51575  0.48748 -0.05190 -0.94076  0.000424  0.000161  0.000472     2.628
   1.52549  0.49716 -0.05087 -0.93889  0.000439  0.000165  0.000439     2.658
   1.53525  0.50686 -0.04980 -0.93659  0.000457  0.000170  0.000402     2.695
   1.54504  0.51659 -0.04867 -0.93435  0.000473  0.000174  0.000374     2.723
   1.55486  0.52634 -0.04750 -0.93172  0.000492  0.000178  0.000342     2.761
   1.56471  0.53611 -0.04629 -0.92908  0.000510  0.000182  0.000315     2.794
   1.57458  0.54590 -0.04504 -0.92627  0.000529  0.000187  0.000288     2.832
   1.58447  0.55571 -0.04377 -0.92348  0.000548  0.000191  0.000265     2.865
   1.59438  0.56553 -0.04246 -0.92058  0.000568  0.000196  0.000241     2.903
   1.60431  0.57538 -0.04112 -0.91764  0.000588  0.000200  0.000219     2.941
   1.61427  0.58524 -0.03976 -0.91480  0.000608  0.000204  0.000201     2.974
   1.62424  0.59511 -0.03839 -0.91182  0.000630  0.000209  0.000181     3.016
   1.63423  0.60501 -0.03699 -0.90894  0.000651  0.000213  0.000164     3.054
   1.64423  0.61491 -0.03558 -0.90600  0.000675  0.000218  0.000146     3.098
   1.65426  0.62483 -0.03415 -0.90314  0.000698  0.000222  0.000131     3.139
   1.66429  0.63476 -0.03271 -0.90041  0.000719  0.000227  0.000119     3.173
   1.67434  0.64471 -0.03127 -0.89773  0.000740  0.000231  0.000108     3.206
   1.68440  0.65466 -0.02982 -0.89522  0.000758  0.000235  0.000101     3.227
   1.69446  0.66462 -0.02837 -0.89290  0.000771  0.000239  0.000098     3.232
   1.70452  0.67457 -0.02692 -0.89109  0.000770  0.000242  0.000107     3.186
   1.71457  0.68451 -0.02548 -0.89040  0.000745  0.000244  0.000139     3.060
   1.72460  0.69444 -0.02405 -0.87728  0.000620  0.000264  0.000625     2.354
   1.73461  0.70435 -0.02263 -0.86791  0.000516  0.000282  0.001474     1.827
   1.74460  0.71425 -0.02122 -0.86534  0.000472  0.000297  0.002161     1.587
   1.75458  0.72413 -0.01984 -0.86296  0.000468  0.000316  0.002515     1.483
   1.76453  0.73399 -0.01847 -0.86122  0.000481  0.000335  0.002673     1.435
   1.77447  0.74383 -0.01712 -0.85921  0.000503  0.000356  0.002716     1.412
   1.78439  0.75366 -0.01581 -0.85692  0.000530  0.000378  0.002702     1.402
   1.79429  0.76348 -0.01452 -0.85456  0.000559  0.000400  0.002664     1.398
   1.80417  0.77328 -0.01326 -0.85246  0.000588  0.000421  0.002619     1.397
   1.81405  0.78308 -0.01203 -0.85019  0.000618  0.000443  0.002567     1.397
   1.82391  0.79286 -0.01084 -0.84812  0.000648  0.000464  0.002518     1.398
   1.83375  0.80264 -0.00968 -0.84603  0.000678  0.000485  0.002471     1.399
   1.84358  0.81241 -0.00856 -0.84400  0.000708  0.000506  0.002426     1.401
   1.85339  0.82215 -0.00748 -0.84160  0.000740  0.000527  0.002378     1.402
   1.86317  0.83189 -0.00645 -0.83989  0.000768  0.000547  0.002343     1.403
   1.87294  0.84160 -0.00546 -0.83779  0.000798  0.000568  0.002305     1.404
   1.88268  0.85129 -0.00453 -0.83601  0.000826  0.000588  0.002273     1.404
   1.89239  0.86097 -0.00364 -0.83467  0.000853  0.000607  0.002249     1.404
   1.90207  0.87062 -0.00282 -0.83252  0.000883  0.000628  0.002214     1.405
   1.91173  0.88024 -0.00205 -0.83176  0.000906  0.000646  0.002200     1.403
   1.92134  0.88983 -0.00136 -0.83047  0.000932  0.000664  0.002180     1.402
   1.93092  0.89939 -0.00073 -0.82972  0.000955  0.000682  0.002166     1.401
   1.94046  0.90891 -0.00019 -0.82992  0.000973  0.000696  0.002166     1.398
   1.94995  0.91839  0.00028 -0.82984  0.000993  0.000711  0.002161     1.396
   1.95940  0.92783  0.00066 -0.83072  0.001007  0.000723  0.002168     1.392
   1.96879  0.93722  0.00094 -0.83247  0.001017  0.000733  0.002185     1.388
   1.97810  0.94653  0.00113 -0.83470  0.001025  0.000741  0.002206     1.383
   1.98730  0.95573  0.00122 -0.83831  0.001026  0.000745  0.002243     1.377
   1.99635  0.96477  0.00119 -0.84415  0.001015  0.000742  0.002307     1.368
   2.00513  0.97355  0.00106 -0.85077  0.001002  0.000737  0.002377     1.360
   2.01347  0.98189  0.00083 -0.86213  0.000967  0.000718  0.002508     1.346
   2.02109  0.98950  0.00054 -0.87499  0.000928  0.000696  0.002654     1.333
   2.02775  0.99616  0.00021 -0.88815  0.000891  0.000674  0.002802     1.321
   2.03160  1.00000  0.00000 -0.92601  0.000762  0.000594  0.003329     1.283
   2.03160  0.99980  0.00005  0.92601  0.015284  0.007465  0.000000     2.048
   2.03546  1.00362 -0.00047  0.92414  0.015357  0.007526  0.000000     2.041
   2.03977  1.00791 -0.00088  0.92435  0.015161  0.007519  0.000000     2.016
   2.04459  1.01271 -0.00128  0.92479  0.014923  0.007504  0.000000     1.989
   2.04997  1.01809 -0.00167  0.92551  0.014642  0.007481  0.000000     1.957
   2.05599  1.02409 -0.00207  0.92647  0.014328  0.007451  0.000000     1.923
   2.06272  1.03081 -0.00247  0.92766  0.013986  0.007413  0.000000     1.887
   2.07025  1.03832 -0.00287  0.92910  0.013618  0.007369  0.000000     1.848
   2.07865  1.04672 -0.00325  0.93078  0.013231  0.007318  0.000000     1.808
   2.08805  1.05611 -0.00363  0.93271  0.012828  0.007261  0.000000     1.767
   2.09855  1.06661 -0.00398  0.93486  0.012413  0.007199  0.000000     1.724
   2.11029  1.07834 -0.00431  0.93723  0.011993  0.007132  0.000000     1.682
   2.12342  1.09146 -0.00459  0.93979  0.011570  0.007061  0.000000     1.639
   2.13808  1.10613 -0.00483  0.94253  0.011151  0.006987  0.000000     1.596
   2.15448  1.12252 -0.00500  0.94539  0.010738  0.006912  0.000000     1.554
   2.17280  1.14085 -0.00509  0.94835  0.010336  0.006836  0.000000     1.512
   2.19328  1.16133 -0.00508  0.95137  0.009948  0.006760  0.000000     1.472
   2.21618  1.18422 -0.00493  0.95442  0.009576  0.006686  0.000000     1.432
   2.24176  1.20981 -0.00463  0.95745  0.009222  0.006614  0.000000     1.394
   2.27036  1.23840 -0.00414  0.96046  0.008888  0.006544  0.000000     1.358
   2.30233  1.27036 -0.00341  0.96340  0.008574  0.006478  0.000000     1.324
   2.33806  1.30608 -0.00241  0.96626  0.008281  0.006415  0.000000     1.291
   2.37800  1.34600 -0.00108  0.96903  0.008010  0.006355  0.000000     1.260
   2.42264  1.39060  0.00065  0.97167  0.007760  0.006299  0.000000     1.232
   2.47254  1.44045  0.00283  0.97420  0.007531  0.006246  0.000000     1.206
   2.52831  1.49616  0.00556  0.97658  0.007322  0.006198  0.000000     1.181
   2.59065  1.55840  0.00892  0.97883  0.007134  0.006153  0.000000     1.159
   2.66032  1.62796  0.01302  0.98093  0.006965  0.006111  0.000000     1.140
   2.73820  1.70568  0.01797  0.98288  0.006814  0.006073  0.000000     1.122
   2.82525  1.79252  0.02392  0.98469  0.006681  0.006039  0.000000     1.106
   2.92255  1.88956  0.03101  0.98633  0.006564  0.006008  0.000000     1.093
   3.03130  1.99799  0.03942  0.98825  0.006453  0.005972  0.000000     1.081
