   0.99940  0.24087
   0.99562  0.20561
   0.98897  0.16167
   0.98121  0.12387
   0.97261  0.09277
   0.96346  0.06587
   0.95402  0.04346
   0.94442  0.02320
   0.93475  0.00521
   0.92504 -0.00982
   0.91531 -0.02487
   0.90556 -0.03792
   0.89580 -0.05060
   0.88603 -0.06176
   0.87625 -0.07280
   0.86647 -0.08346
   0.85668 -0.09258
   0.84689 -0.10208
   0.83709 -0.11081
   0.82730 -0.11851
   0.81750 -0.12630
   0.80770 -0.13204
   0.79791 -0.13819
   0.78811 -0.14471
   0.77832 -0.16091
   0.76852 -0.20025
   0.75872 -0.20993
   0.74892 -0.21247
   0.73912 -0.21653
   0.72933 -0.22135
   0.71953 -0.22652
   0.70973 -0.23198
   0.69993 -0.23768
   0.69012 -0.24343
   0.68032 -0.24921
   0.67052 -0.25506
   0.66072 -0.26091
   0.65093 -0.26667
   0.64113 -0.27226
   0.63134 -0.27787
   0.62156 -0.28329
   0.61178 -0.28858
   0.60201 -0.29347
   0.59224 -0.29790
   0.58249 -0.30221
   0.57274 -0.30563
   0.56299 -0.30845
   0.55324 -0.31062
   0.54348 -0.31202
   0.53373 -0.31290
   0.52396 -0.31308
   0.51419 -0.31316
   0.50441 -0.31219
   0.49463 -0.31172
   0.48483 -0.30974
   0.47503 -0.30835
   0.46522 -0.30621
   0.45541 -0.30421
   0.44558 -0.30161
   0.43575 -0.29928
   0.42592 -0.29679
   0.41608 -0.29428
   0.40624 -0.29170
   0.39640 -0.28921
   0.38656 -0.28658
   0.37672 -0.28390
   0.36689 -0.28115
   0.35706 -0.27824
   0.34723 -0.27510
   0.33741 -0.27214
   0.32759 -0.26859
   0.31777 -0.26546
   0.30796 -0.26135
   0.29815 -0.25777
   0.28835 -0.25360
   0.27856 -0.24979
   0.26877 -0.24585
   0.25899 -0.24151
   0.24923 -0.23687
   0.23948 -0.23222
   0.22974 -0.22692
   0.22002 -0.22166
   0.21031 -0.21617
   0.20062 -0.21032
   0.19095 -0.20411
   0.18130 -0.19723
   0.17168 -0.19053
   0.16209 -0.18277
   0.15253 -0.17428
   0.14301 -0.16500
   0.13352 -0.15524
   0.12409 -0.14473
   0.11470 -0.13272
   0.10539 -0.12063
   0.09617 -0.10610
   0.08706 -0.09094
   0.07809 -0.07331
   0.06932 -0.05396
   0.06082 -0.03233
   0.05271 -0.00674
   0.04512  0.02073
   0.03821  0.05217
   0.03210  0.08502
   0.02683  0.12228
   0.02235  0.16362
   0.01857  0.20863
   0.01537  0.25999
   0.01266  0.31439
   0.01035  0.37816
   0.00837  0.44490
   0.00666  0.52186
   0.00519  0.60249
   0.00393  0.68869
   0.00286  0.77609
   0.00197  0.86143
   0.00124  0.93562
   0.00069  0.98596
   0.00030  0.99912
   0.00008  0.96764
   0.00000  0.88940
   0.00006  0.77581
   0.00027  0.62918
   0.00063  0.46285
   0.00117  0.29735
   0.00188  0.15740
   0.00275  0.03049
   0.00380 -0.06838
   0.00503 -0.14907
   0.00647 -0.21609
   0.00815 -0.26882
   0.01011 -0.30590
   0.01238 -0.33968
   0.01505 -0.36335
   0.01818 -0.38261
   0.02189 -0.39759
   0.02627 -0.40741
   0.03140 -0.41458
   0.03734 -0.41826
   0.04405 -0.42061
   0.05144 -0.42021
   0.05938 -0.41895
   0.06773 -0.41685
   0.07638 -0.41489
   0.08526 -0.41222
   0.09431 -0.41021
   0.10349 -0.40905
   0.11277 -0.40786
   0.12212 -0.40762
   0.13154 -0.40668
   0.14101 -0.40628
   0.15052 -0.40583
   0.16008 -0.40603
   0.16967 -0.40602
   0.17929 -0.40633
   0.18892 -0.40712
   0.19858 -0.40772
   0.20826 -0.40861
   0.21796 -0.40980
   0.22767 -0.41110
   0.23739 -0.41310
   0.24711 -0.41514
   0.25684 -0.41793
   0.26657 -0.42068
   0.27629 -0.42443
   0.28600 -0.42814
   0.29569 -0.43246
   0.30536 -0.43648
   0.31501 -0.44021
   0.32464 -0.44329
   0.33424 -0.44597
   0.34383 -0.44715
   0.35340 -0.44710
   0.36296 -0.44586
   0.37251 -0.44346
   0.38205 -0.43949
   0.39159 -0.43390
   0.40113 -0.42727
   0.41067 -0.41943
   0.42023 -0.41034
   0.42979 -0.40081
   0.43936 -0.39058
   0.44895 -0.38067
   0.45855 -0.37151
   0.46817 -0.36442
   0.47782 -0.34858
   0.48748 -0.29564
   0.49716 -0.27347
   0.50686 -0.25967
   0.51659 -0.24633
   0.52634 -0.23214
   0.53611 -0.21700
   0.54590 -0.20142
   0.55571 -0.18632
   0.56553 -0.17048
   0.57538 -0.15469
   0.58524 -0.13936
   0.59511 -0.12416
   0.60501 -0.10881
   0.61491 -0.09409
   0.62483 -0.07883
   0.63476 -0.06439
   0.64471 -0.04970
   0.65466 -0.03557
   0.66462 -0.02115
   0.67457 -0.00742
   0.68451  0.00639
   0.69444  0.01974
   0.70435  0.03316
   0.71425  0.04573
   0.72413  0.05850
   0.73399  0.07092
   0.74383  0.08279
   0.75366  0.09458
   0.76348  0.10579
   0.77328  0.11626
   0.78308  0.12699
   0.79286  0.13695
   0.80264  0.14701
   0.81241  0.15694
   0.82215  0.16653
   0.83189  0.17593
   0.84160  0.18489
   0.85129  0.19385
   0.86097  0.20237
   0.87062  0.21034
   0.88024  0.21864
   0.88983  0.22576
   0.89939  0.23280
   0.90891  0.23890
   0.91839  0.24451
   0.92783  0.24951
   0.93722  0.25318
   0.94653  0.25658
   0.95573  0.25811
   0.96477  0.25782
   0.97355  0.25606
   0.98189  0.25188
   0.98950  0.24781
   0.99616  0.24377
   1.00000  0.24087
